,age,sex,cp,trtbps,chol,fbs,restecg,thalachh,exng,oldpeak,slp,caa,thall,output
0,63.0,1,3,145,233,1,0,150,0,2.3,0,0,1,Heart Attack
1,37.0,1,2,130,250,0,1,187,0,3.5,0,0,2,Heart Attack
2,41.0,0,1,130,204,0,0,172,0,1.4,2,0,2,Heart Attack
3,56.0,1,1,120,236,0,1,178,0,0.8,2,0,2,Heart Attack
4,57.0,0,0,120,354,0,1,163,1,0.6,2,0,2,Heart Attack
5,57.0,1,0,140,192,0,1,148,0,0.4,1,0,1,Heart Attack
6,56.0,0,1,140,294,0,0,153,0,1.3,1,0,2,Heart Attack
7,44.0,1,1,120,263,0,1,173,0,0.0,2,0,3,Heart Attack
8,52.0,1,2,172,199,1,1,162,0,0.5,2,0,3,Heart Attack
9,57.0,1,2,150,168,0,1,174,0,1.6,2,0,2,Heart Attack
10,54.0,1,0,140,239,0,1,160,0,1.2,2,0,2,Heart Attack
11,48.0,0,2,130,275,0,1,139,0,0.2,2,0,2,Heart Attack
12,49.0,1,1,130,266,0,1,171,0,0.6,2,0,2,Heart Attack
13,64.0,1,3,110,211,0,0,144,1,1.8,1,0,2,Heart Attack
14,58.0,0,3,150,283,1,0,162,0,1.0,2,0,2,Heart Attack
15,50.0,0,2,120,219,0,1,158,0,1.6,1,0,2,Heart Attack
16,58.0,0,2,120,340,0,1,172,0,0.0,2,0,2,Heart Attack
17,66.0,0,3,150,226,0,1,114,0,2.6,0,0,2,Heart Attack
18,43.0,1,0,150,247,0,1,171,0,1.5,2,0,2,Heart Attack
19,69.0,0,3,140,239,0,1,151,0,1.8,2,2,2,Heart Attack
20,59.0,1,0,135,234,0,1,161,0,0.5,1,0,3,Heart Attack
21,44.0,1,2,130,233,0,1,179,1,0.4,2,0,2,Heart Attack
22,42.0,1,0,140,226,0,1,178,0,0.0,2,0,2,Heart Attack
23,61.0,1,2,150,243,1,1,137,1,1.0,1,0,2,Heart Attack
24,40.0,1,3,140,199,0,1,178,1,1.4,2,0,3,Heart Attack
25,71.0,0,1,160,302,0,1,162,0,0.4,2,2,2,Heart Attack
26,,1,2,150,212,1,1,157,0,1.6,2,0,2,Heart Attack
27,51.0,1,2,110,175,0,1,123,0,0.6,2,0,2,Heart Attack
28,65.0,0,2,140,417,1,0,157,0,0.8,2,1,2,Heart Attack
29,53.0,1,2,130,197,1,0,152,0,1.2,0,0,2,Heart Attack
30,41.0,0,1,105,198,0,1,168,0,0.0,2,1,2,Heart Attack
31,65.0,1,0,120,177,0,1,140,0,0.4,2,0,3,Heart Attack
32,44.0,1,1,130,219,0,0,188,0,0.0,2,0,2,Heart Attack
33,54.0,1,2,125,273,0,0,152,0,0.5,0,1,2,Heart Attack
34,51.0,1,3,125,213,0,0,125,1,1.4,2,1,2,Heart Attack
35,46.0,0,2,142,177,0,0,160,1,1.4,0,0,2,Heart Attack
36,54.0,0,2,135,304,1,1,170,0,0.0,2,0,2,Heart Attack
37,54.0,1,2,150,232,0,0,165,0,1.6,2,0,3,Heart Attack
38,65.0,0,2,155,269,0,1,148,0,0.8,2,0,2,Heart Attack
39,65.0,0,2,160,360,0,0,151,0,0.8,2,0,2,Heart Attack
40,51.0,0,2,140,308,0,0,142,0,1.5,2,1,2,Heart Attack
41,48.0,1,1,130,245,0,0,180,0,0.2,1,0,2,Heart Attack
42,45.0,1,0,104,208,0,0,148,1,3.0,1,0,2,Heart Attack
43,53.0,0,0,130,264,0,0,143,0,0.4,1,0,2,Heart Attack
44,39.0,1,2,140,321,0,0,182,0,0.0,2,0,2,Heart Attack
45,52.0,1,1,120,325,0,1,172,0,0.2,2,0,2,Heart Attack
46,44.0,1,2,140,235,0,0,180,0,0.0,2,0,2,Heart Attack
47,47.0,1,2,138,257,0,0,156,0,0.0,2,0,2,Heart Attack
48,53.0,0,2,128,216,0,0,115,0,0.0,2,0,0,Heart Attack
49,53.0,0,0,138,234,0,0,160,0,0.0,2,0,2,Heart Attack
50,51.0,0,2,130,256,0,0,149,0,0.5,2,0,2,Heart Attack
51,66.0,1,0,120,302,0,0,151,0,0.4,1,0,2,Heart Attack
52,62.0,1,2,130,231,0,1,146,0,1.8,1,3,3,Heart Attack
53,44.0,0,2,108,141,0,1,175,0,0.6,1,0,2,Heart Attack
54,63.0,0,2,135,252,0,0,172,0,0.0,2,0,2,Heart Attack
55,52.0,1,1,134,201,0,1,158,0,0.8,2,1,2,Heart Attack
56,48.0,1,0,122,222,0,0,186,0,0.0,2,0,2,Heart Attack
57,45.0,1,0,115,260,0,0,185,0,0.0,2,0,2,Heart Attack
58,34.0,1,3,118,182,0,0,174,0,0.0,2,0,2,Heart Attack
59,57.0,0,0,128,303,0,0,159,0,0.0,2,1,2,Heart Attack
60,71.0,0,2,110,265,1,0,130,0,0.0,2,1,2,Heart Attack
61,54.0,1,1,108,309,0,1,156,0,0.0,2,0,3,Heart Attack
62,52.0,1,3,118,186,0,0,190,0,0.0,1,0,1,Heart Attack
63,41.0,1,1,135,203,0,1,132,0,0.0,1,0,1,Heart Attack
64,58.0,1,2,140,211,1,0,165,0,0.0,2,0,2,Heart Attack
65,35.0,0,0,138,183,0,1,182,0,1.4,2,0,2,Heart Attack
66,51.0,1,2,100,222,0,1,143,1,1.2,1,0,2,Heart Attack
67,45.0,0,1,130,234,0,0,175,0,0.6,1,0,2,Heart Attack
68,44.0,1,1,120,220,0,1,170,0,0.0,2,0,2,Heart Attack
69,62.0,0,0,124,209,0,1,163,0,0.0,2,0,2,Heart Attack
70,54.0,1,2,120,258,0,0,147,0,0.4,1,0,3,Heart Attack
71,51.0,1,2,94,227,0,1,154,1,0.0,2,1,3,Heart Attack
72,29.0,1,1,130,204,0,0,202,0,0.0,2,0,2,Heart Attack
73,51.0,1,0,140,261,0,0,186,1,0.0,2,0,2,Heart Attack
74,43.0,0,2,122,213,0,1,165,0,0.2,1,0,2,Heart Attack
75,55.0,0,1,135,250,0,0,161,0,1.4,1,0,2,Heart Attack
76,51.0,1,2,125,245,1,0,166,0,2.4,1,0,2,Heart Attack
77,59.0,1,1,140,221,0,1,164,1,0.0,2,0,2,Heart Attack
78,52.0,1,1,128,205,1,1,184,0,0.0,2,0,2,Heart Attack
79,58.0,1,2,105,240,0,0,154,1,0.6,1,0,3,Heart Attack
80,41.0,1,2,112,250,0,1,179,0,0.0,2,0,2,Heart Attack
81,45.0,1,1,128,308,0,0,170,0,0.0,2,0,2,Heart Attack
82,60.0,0,2,102,318,0,1,160,0,0.0,2,1,2,Heart Attack
83,52.0,1,3,152,298,1,1,178,0,1.2,1,0,3,Heart Attack
84,42.0,0,0,102,265,0,0,122,0,0.6,1,0,2,Heart Attack
85,67.0,0,2,115,564,0,0,160,0,1.6,1,0,3,Heart Attack
86,68.0,1,2,118,277,0,1,151,0,1.0,2,1,3,Heart Attack
87,46.0,1,1,101,197,1,1,156,0,0.0,2,0,3,Heart Attack
88,54.0,0,2,110,214,0,1,158,0,1.6,1,0,2,Heart Attack
89,58.0,0,0,100,248,0,0,122,0,1.0,1,0,2,Heart Attack
90,48.0,1,2,124,255,1,1,175,0,0.0,2,2,2,Heart Attack
91,57.0,1,0,132,207,0,1,168,1,0.0,2,0,3,Heart Attack
92,52.0,1,2,138,223,0,1,169,0,0.0,2,4,2,Heart Attack
93,54.0,0,1,132,288,1,0,159,1,0.0,2,1,2,Heart Attack
94,45.0,0,1,112,160,0,1,138,0,0.0,1,0,2,Heart Attack
95,53.0,1,0,142,226,0,0,111,1,0.0,2,0,3,Heart Attack
96,62.0,0,0,140,394,0,0,157,0,1.2,1,0,2,Heart Attack
97,52.0,1,0,108,233,1,1,147,0,0.1,2,3,3,Heart Attack
98,43.0,1,2,130,315,0,1,162,0,1.9,2,1,2,Heart Attack
99,53.0,1,2,130,246,1,0,173,0,0.0,2,3,2,Heart Attack
100,42.0,1,3,148,244,0,0,178,0,0.8,2,2,2,Heart Attack
101,59.0,1,3,178,270,0,0,145,0,4.2,0,0,3,Heart Attack
102,63.0,0,1,140,195,0,1,179,0,0.0,2,2,2,Heart Attack
103,42.0,1,2,120,240,1,1,194,0,0.8,0,0,3,Heart Attack
104,50.0,1,2,129,196,0,1,163,0,0.0,2,0,2,Heart Attack
105,68.0,0,2,120,211,0,0,115,0,1.5,1,0,2,Heart Attack
106,69.0,1,3,160,234,1,0,131,0,0.1,1,1,2,Heart Attack
107,45.0,0,0,138,236,0,0,152,1,0.2,1,0,2,Heart Attack
108,50.0,0,1,120,244,0,1,162,0,1.1,2,0,2,Heart Attack
109,50.0,0,0,110,254,0,0,159,0,0.0,2,0,2,Heart Attack
110,64.0,0,0,180,325,0,1,154,1,0.0,2,0,2,Heart Attack
111,57.0,1,2,150,126,1,1,173,0,0.2,2,1,3,Heart Attack
112,64.0,0,2,140,313,0,1,133,0,0.2,2,0,3,Heart Attack
113,43.0,1,0,110,211,0,1,161,0,0.0,2,0,3,Heart Attack
114,55.0,1,1,130,262,0,1,155,0,0.0,2,0,2,Heart Attack
115,37.0,0,2,120,215,0,1,170,0,0.0,2,0,2,Heart Attack
116,41.0,1,2,130,214,0,0,168,0,2.0,1,0,2,Heart Attack
117,56.0,1,3,120,193,0,0,162,0,1.9,1,0,3,Heart Attack
118,46.0,0,1,105,204,0,1,172,0,0.0,2,0,2,Heart Attack
119,46.0,0,0,138,243,0,0,152,1,0.0,1,0,2,Heart Attack
120,64.0,0,0,130,303,0,1,122,0,2.0,1,2,2,Heart Attack
121,59.0,1,0,138,271,0,0,182,0,0.0,2,0,2,Heart Attack
122,41.0,0,2,112,268,0,0,172,1,0.0,2,0,2,Heart Attack
123,54.0,0,2,108,267,0,0,167,0,0.0,2,0,2,Heart Attack
124,39.0,0,2,94,199,0,1,179,0,0.0,2,0,2,Heart Attack
125,34.0,0,1,118,210,0,1,192,0,0.7,2,0,2,Heart Attack
126,47.0,1,0,112,204,0,1,143,0,0.1,2,0,2,Heart Attack
127,67.0,0,2,152,277,0,1,172,0,0.0,2,1,2,Heart Attack
128,52.0,0,2,136,196,0,0,169,0,0.1,1,0,2,Heart Attack
129,74.0,0,1,120,269,0,0,121,1,0.2,2,1,2,Heart Attack
130,54.0,0,2,160,201,0,1,163,0,0.0,2,1,2,Heart Attack
131,49.0,0,1,134,271,0,1,162,0,0.0,1,0,2,Heart Attack
132,42.0,1,1,120,295,0,1,162,0,0.0,2,0,2,Heart Attack
133,41.0,1,1,110,235,0,1,153,0,0.0,2,0,2,Heart Attack
134,41.0,0,1,126,306,0,1,163,0,0.0,2,0,2,Heart Attack
135,49.0,0,0,130,269,0,1,163,0,0.0,2,0,2,Heart Attack
136,60.0,0,2,120,178,1,1,96,0,0.0,2,0,2,Heart Attack
137,62.0,1,1,128,208,1,0,140,0,0.0,2,0,2,Heart Attack
138,57.0,1,0,110,201,0,1,126,1,1.5,1,0,1,Heart Attack
139,64.0,1,0,128,263,0,1,105,1,0.2,1,1,3,Heart Attack
140,51.0,0,2,120,295,0,0,157,0,0.6,2,0,2,Heart Attack
141,43.0,1,0,115,303,0,1,181,0,1.2,1,0,2,Heart Attack
142,42.0,0,2,120,209,0,1,173,0,0.0,1,0,2,Heart Attack
143,67.0,0,0,106,223,0,1,142,0,0.3,2,2,2,Heart Attack
144,76.0,0,2,140,197,0,2,116,0,1.1,1,0,2,Heart Attack
145,70.0,1,1,156,245,0,0,143,0,0.0,2,0,2,Heart Attack
146,44.0,0,2,118,242,0,1,149,0,0.3,1,1,2,Heart Attack
147,60.0,0,3,150,240,0,1,171,0,0.9,2,0,2,Heart Attack
148,44.0,1,2,120,226,0,1,169,0,0.0,2,0,2,Heart Attack
149,42.0,1,2,130,180,0,1,150,0,0.0,2,0,2,Heart Attack
150,66.0,1,0,160,228,0,0,138,0,2.3,2,0,1,Heart Attack
151,71.0,0,0,112,149,0,1,125,0,1.6,1,0,2,Heart Attack
152,64.0,1,3,170,227,0,0,155,0,0.6,1,0,3,Heart Attack
153,66.0,0,2,146,278,0,0,152,0,0.0,1,1,2,Heart Attack
154,39.0,0,2,138,220,0,1,152,0,0.0,1,0,2,Heart Attack
155,58.0,0,0,130,197,0,1,131,0,0.6,1,0,2,Heart Attack
156,47.0,1,2,130,253,0,1,179,0,0.0,2,0,2,Heart Attack
157,35.0,1,1,122,192,0,1,174,0,0.0,2,0,2,Heart Attack
158,58.0,1,1,125,220,0,1,144,0,0.4,1,4,3,Heart Attack
159,56.0,1,1,130,221,0,0,163,0,0.0,2,0,3,Heart Attack
160,56.0,1,1,120,240,0,1,169,0,0.0,0,0,2,Heart Attack
161,55.0,0,1,132,342,0,1,166,0,1.2,2,0,2,Heart Attack
162,41.0,1,1,120,157,0,1,182,0,0.0,2,0,2,Heart Attack
163,38.0,1,2,138,175,0,1,173,0,0.0,2,4,2,Heart Attack
164,38.0,1,2,138,175,0,1,173,0,0.0,2,4,2,Heart Attack
165,67.0,1,0,160,286,0,0,108,1,1.5,1,3,2,No Heart Attack
166,67.0,1,0,120,229,0,0,129,1,2.6,1,2,3,No Heart Attack
167,62.0,0,0,140,268,0,0,160,0,3.6,0,2,2,No Heart Attack
168,63.0,1,0,130,254,0,0,147,0,1.4,1,1,3,No Heart Attack
169,53.0,1,0,140,203,1,0,155,1,3.1,0,0,3,No Heart Attack
170,56.0,1,2,130,256,1,0,142,1,0.6,1,1,1,No Heart Attack
171,48.0,1,1,110,229,0,1,168,0,1.0,0,0,3,No Heart Attack
172,58.0,1,1,120,284,0,0,160,0,1.8,1,0,2,No Heart Attack
173,58.0,1,2,132,224,0,0,173,0,3.2,2,2,3,No Heart Attack
174,60.0,1,0,130,206,0,0,132,1,2.4,1,2,3,No Heart Attack
175,40.0,1,0,110,167,0,0,114,1,2.0,1,0,3,No Heart Attack
176,60.0,1,0,117,230,1,1,160,1,1.4,2,2,3,No Heart Attack
177,64.0,1,2,140,335,0,1,158,0,0.0,2,0,2,No Heart Attack
178,43.0,1,0,120,177,0,0,120,1,2.5,1,0,3,No Heart Attack
179,57.0,1,0,150,276,0,0,112,1,0.6,1,1,1,No Heart Attack
180,55.0,1,0,132,353,0,1,132,1,1.2,1,1,3,No Heart Attack
181,65.0,0,0,150,225,0,0,114,0,1.0,1,3,3,No Heart Attack
182,61.0,0,0,130,330,0,0,169,0,0.0,2,0,2,No Heart Attack
183,58.0,1,2,112,230,0,0,165,0,2.5,1,1,3,No Heart Attack
184,50.0,1,0,150,243,0,0,128,0,2.6,1,0,3,No Heart Attack
185,44.0,1,0,112,290,0,0,153,0,0.0,2,1,2,No Heart Attack
186,60.0,1,0,130,253,0,1,144,1,1.4,2,1,3,No Heart Attack
187,54.0,1,0,124,266,0,0,109,1,2.2,1,1,3,No Heart Attack
188,50.0,1,2,140,233,0,1,163,0,0.6,1,1,3,No Heart Attack
189,41.0,1,0,110,172,0,0,158,0,0.0,2,0,3,No Heart Attack
190,51.0,0,0,130,305,0,1,142,1,1.2,1,0,3,No Heart Attack
191,58.0,1,0,128,216,0,0,131,1,2.2,1,3,3,No Heart Attack
192,54.0,1,0,120,188,0,1,113,0,1.4,1,1,3,No Heart Attack
193,60.0,1,0,145,282,0,0,142,1,2.8,1,2,3,No Heart Attack
194,60.0,1,2,140,185,0,0,155,0,3.0,1,0,2,No Heart Attack
195,59.0,1,0,170,326,0,0,140,1,3.4,0,0,3,No Heart Attack
196,46.0,1,2,150,231,0,1,147,0,3.6,1,0,2,No Heart Attack
197,67.0,1,0,125,254,1,1,163,0,0.2,1,2,3,No Heart Attack
198,62.0,1,0,120,267,0,1,99,1,1.8,1,2,3,No Heart Attack
199,65.0,1,0,110,248,0,0,158,0,0.6,2,2,1,No Heart Attack
200,44.0,1,0,110,197,0,0,177,0,0.0,2,1,2,No Heart Attack
201,60.0,1,0,125,258,0,0,141,1,2.8,1,1,3,No Heart Attack
202,58.0,1,0,150,270,0,0,111,1,0.8,2,0,3,No Heart Attack
203,68.0,1,2,180,274,1,0,150,1,1.6,1,0,3,No Heart Attack
204,62.0,0,0,160,164,0,0,145,0,6.2,0,3,3,No Heart Attack
205,52.0,1,0,128,255,0,1,161,1,0.0,2,1,3,No Heart Attack
206,59.0,1,0,110,239,0,0,142,1,1.2,1,1,3,No Heart Attack
207,60.0,0,0,150,258,0,0,157,0,2.6,1,2,3,No Heart Attack
208,49.0,1,2,120,188,0,1,139,0,2.0,1,3,3,No Heart Attack
209,59.0,1,0,140,177,0,1,162,1,0.0,2,1,3,No Heart Attack
210,57.0,1,2,128,229,0,0,150,0,0.4,1,1,3,No Heart Attack
211,61.0,1,0,120,260,0,1,140,1,3.6,1,1,3,No Heart Attack
212,,1,0,118,219,0,1,140,0,1.2,1,0,3,No Heart Attack
213,61.0,0,0,145,307,0,0,146,1,1.0,1,0,3,No Heart Attack
214,56.0,1,0,125,249,1,0,144,1,1.2,1,1,2,No Heart Attack
215,43.0,0,0,132,341,1,0,136,1,3.0,1,0,3,No Heart Attack
216,62.0,0,2,130,263,0,1,97,0,1.2,1,1,3,No Heart Attack
217,63.0,1,0,130,330,1,0,132,1,1.8,2,3,3,No Heart Attack
218,65.0,1,0,135,254,0,0,127,0,2.8,1,1,3,No Heart Attack
219,48.0,1,0,130,256,1,0,150,1,0.0,2,2,3,No Heart Attack
220,63.0,0,0,150,407,0,0,154,0,4.0,1,3,3,No Heart Attack
221,55.0,1,0,140,217,0,1,111,1,5.6,0,0,3,No Heart Attack
222,65.0,1,3,138,282,1,0,174,0,1.4,1,1,2,No Heart Attack
223,56.0,0,0,200,288,1,0,133,1,4.0,0,2,3,No Heart Attack
224,54.0,1,0,110,239,0,1,126,1,2.8,1,1,3,No Heart Attack
225,70.0,1,0,145,174,0,1,125,1,2.6,0,0,3,No Heart Attack
226,62.0,1,1,120,281,0,0,103,0,1.4,1,1,3,No Heart Attack
227,35.0,1,0,120,198,0,1,130,1,1.6,1,0,3,No Heart Attack
228,59.0,1,3,170,288,0,0,159,0,0.2,1,0,3,No Heart Attack
229,64.0,1,2,125,309,0,1,131,1,1.8,1,0,3,No Heart Attack
230,47.0,1,2,108,243,0,1,152,0,0.0,2,0,2,No Heart Attack
231,57.0,1,0,165,289,1,0,124,0,1.0,1,3,3,No Heart Attack
232,55.0,1,0,160,289,0,0,145,1,0.8,1,1,3,No Heart Attack
233,64.0,1,0,120,246,0,0,96,1,2.2,0,1,2,No Heart Attack
234,70.0,1,0,130,322,0,0,109,0,2.4,1,3,2,No Heart Attack
235,51.0,1,0,140,299,0,1,173,1,1.6,2,0,3,No Heart Attack
236,58.0,1,0,125,300,0,0,171,0,0.0,2,2,3,No Heart Attack
237,60.0,1,0,140,293,0,0,170,0,1.2,1,2,3,No Heart Attack
238,77.0,1,0,125,304,0,0,162,1,0.0,2,3,2,No Heart Attack
239,35.0,1,0,126,282,0,0,156,1,0.0,2,0,3,No Heart Attack
240,70.0,1,2,160,269,0,1,112,1,2.9,1,1,3,No Heart Attack
241,59.0,0,0,174,249,0,1,143,1,0.0,1,0,2,No Heart Attack
242,64.0,1,0,145,212,0,0,132,0,2.0,1,2,1,No Heart Attack
243,57.0,1,0,152,274,0,1,88,1,1.2,1,1,3,No Heart Attack
244,56.0,1,0,132,184,0,0,105,1,2.1,1,1,1,No Heart Attack
245,48.0,1,0,124,274,0,0,166,0,0.5,1,0,3,No Heart Attack
246,,0,0,134,409,0,0,150,1,1.9,1,2,3,No Heart Attack
247,66.0,1,1,160,246,0,1,120,1,0.0,1,3,1,No Heart Attack
248,54.0,1,1,192,283,0,0,195,0,0.0,2,1,3,No Heart Attack
249,69.0,1,2,140,254,0,0,146,0,2.0,1,3,3,No Heart Attack
250,51.0,1,0,140,298,0,1,122,1,4.2,1,3,3,No Heart Attack
251,43.0,1,0,132,247,1,0,143,1,0.1,1,4,3,No Heart Attack
252,62.0,0,0,138,294,1,1,106,0,1.9,1,3,2,No Heart Attack
253,67.0,1,0,100,299,0,0,125,1,0.9,1,2,2,No Heart Attack
254,59.0,1,3,160,273,0,0,125,0,0.0,2,0,2,No Heart Attack
255,45.0,1,0,142,309,0,0,147,1,0.0,1,3,3,No Heart Attack
256,58.0,1,0,128,259,0,0,130,1,3.0,1,2,3,No Heart Attack
257,50.0,1,0,144,200,0,0,126,1,0.9,1,0,3,No Heart Attack
258,62.0,0,0,150,244,0,1,154,1,1.4,1,0,2,No Heart Attack
259,38.0,1,3,120,231,0,1,182,1,3.8,1,0,3,No Heart Attack
260,66.0,0,0,178,228,1,1,165,1,1.0,1,2,3,No Heart Attack
261,52.0,1,0,112,230,0,1,160,0,0.0,2,1,2,No Heart Attack
262,53.0,1,0,123,282,0,1,95,1,2.0,1,2,3,No Heart Attack
263,63.0,0,0,108,269,0,1,169,1,1.8,1,2,2,No Heart Attack
264,54.0,1,0,110,206,0,0,108,1,0.0,1,1,2,No Heart Attack
265,66.0,1,0,112,212,0,0,132,1,0.1,2,1,2,No Heart Attack
266,55.0,0,0,180,327,0,2,117,1,3.4,1,0,2,No Heart Attack
267,49.0,1,2,118,149,0,0,126,0,0.8,2,3,2,No Heart Attack
268,54.0,1,0,122,286,0,0,116,1,3.2,1,2,2,No Heart Attack
269,56.0,1,0,130,283,1,0,103,1,1.6,0,0,3,No Heart Attack
270,46.0,1,0,120,249,0,0,144,0,0.8,2,0,3,No Heart Attack
271,61.0,1,3,134,234,0,1,145,0,2.6,1,2,2,No Heart Attack
272,67.0,1,0,120,237,0,1,71,0,1.0,1,0,2,No Heart Attack
273,58.0,1,0,100,234,0,1,156,0,0.1,2,1,3,No Heart Attack
274,47.0,1,0,110,275,0,0,118,1,1.0,1,1,2,No Heart Attack
275,52.0,1,0,125,212,0,1,168,0,1.0,2,2,3,No Heart Attack
276,58.0,1,0,146,218,0,1,105,0,2.0,1,1,3,No Heart Attack
277,57.0,1,1,124,261,0,1,141,0,0.3,2,0,3,No Heart Attack
278,58.0,0,1,136,319,1,0,152,0,0.0,2,2,2,No Heart Attack
279,61.0,1,0,138,166,0,0,125,1,3.6,1,1,2,No Heart Attack
280,42.0,1,0,136,315,0,1,125,1,1.8,1,0,1,No Heart Attack
281,52.0,1,0,128,204,1,1,156,1,1.0,1,0,0,No Heart Attack
282,59.0,1,2,126,218,1,1,134,0,2.2,1,1,1,No Heart Attack
283,40.0,1,0,152,223,0,1,181,0,0.0,2,0,3,No Heart Attack
284,61.0,1,0,140,207,0,0,138,1,1.9,2,1,3,No Heart Attack
285,46.0,1,0,140,311,0,1,120,1,1.8,1,2,3,No Heart Attack
286,59.0,1,3,134,204,0,1,162,0,0.8,2,2,2,No Heart Attack
287,57.0,1,1,154,232,0,0,164,0,0.0,2,1,2,No Heart Attack
288,57.0,1,0,110,335,0,1,143,1,3.0,1,1,3,No Heart Attack
289,55.0,0,0,128,205,0,2,130,1,2.0,1,1,3,No Heart Attack
290,61.0,1,0,148,203,0,1,161,0,0.0,2,1,3,No Heart Attack
291,58.0,1,0,114,318,0,2,140,0,4.4,0,3,1,No Heart Attack
292,58.0,0,0,170,225,1,0,146,1,2.8,1,2,1,No Heart Attack
293,67.0,1,2,152,212,0,0,150,0,0.8,1,0,3,No Heart Attack
294,44.0,1,0,120,169,0,1,144,1,2.8,0,0,1,No Heart Attack
295,63.0,1,0,140,187,0,0,144,1,4.0,2,2,3,No Heart Attack
296,63.0,0,0,124,197,0,1,136,1,0.0,1,0,2,No Heart Attack
297,59.0,1,0,164,176,1,0,90,0,1.0,1,2,1,No Heart Attack
298,57.0,0,0,140,241,0,1,123,1,0.2,1,0,3,No Heart Attack
299,45.0,1,3,110,264,0,1,132,0,1.2,1,0,3,No Heart Attack
300,68.0,1,0,144,193,1,1,141,0,3.4,1,2,3,No Heart Attack
301,57.0,1,0,130,131,0,1,115,1,1.2,1,1,3,No Heart Attack
302,57.0,0,1,130,236,0,0,174,0,0.0,1,1,2,No Heart Attack
303,35.0,0,2,128,216,0,0,100,0,0.0,2,0,0,Heart Attack
304,42.0,1,0,138,234,0,0,167,0,2.4,2,0,2,Heart Attack
305,51.0,0,2,130,203,0,0,200,0,0.5,2,0,2,Heart Attack
306,45.0,1,0,120,283,0,0,89,0,3.6,1,0,2,Heart Attack
307,56.0,1,2,130,283,0,1,209,0,2.4,1,3,3,Heart Attack
308,62.0,0,2,108,193,0,1,175,0,0.0,1,0,2,Heart Attack
309,32.0,0,2,135,301,0,0,168,0,0.5,2,0,2,Heart Attack
310,30.0,1,1,134,263,0,1,186,0,2.1,2,1,2,Heart Attack
311,48.0,1,0,122,273,0,0,136,0,1.8,2,0,2,Heart Attack
312,45.0,0,0,115,162,0,0,173,0,1.3,2,0,2,Heart Attack
313,43.0,1,3,118,173,0,0,183,0,2.6,2,0,2,Heart Attack
314,47.0,1,0,128,178,0,0,189,0,0.0,2,1,2,Heart Attack
315,39.0,0,2,110,164,1,0,145,0,0.0,2,1,2,Heart Attack
316,65.0,1,1,108,173,0,1,139,0,3.5,2,0,3,Heart Attack
317,56.0,1,3,118,311,0,0,129,0,3.2,1,0,1,Heart Attack
318,35.0,0,1,135,126,0,1,167,0,0.0,1,0,1,Heart Attack
319,58.0,1,2,140,172,1,0,189,0,1.3,2,0,2,Heart Attack
320,35.0,0,0,138,172,0,1,167,0,3.2,2,0,2,Heart Attack
321,67.0,1,2,100,179,0,1,172,1,2.7,1,0,2,Heart Attack
322,45.0,0,1,130,173,0,0,173,0,2.4,1,0,2,Heart Attack
323,44.0,1,1,120,211,0,1,182,0,1.2,2,0,2,Heart Attack
324,66.0,0,0,124,271,0,1,79,0,0.0,2,0,2,Heart Attack
325,33.0,1,1,163,126,0,0,172,0,0.4,1,0,3,Heart Attack
326,31.0,1,2,94,326,0,1,200,1,0.0,2,1,3,Heart Attack
327,29.0,0,1,130,126,0,0,172,0,2.3,2,0,2,Heart Attack
328,67.0,1,0,140,162,0,0,192,1,0.0,2,0,2,Heart Attack
329,59.0,0,2,122,172,0,1,165,0,3.1,1,0,2,Heart Attack
330,34.0,1,1,135,138,0,0,161,0,2.4,1,0,2,Heart Attack
331,71.0,1,2,125,172,1,0,182,0,3.3,1,0,2,Heart Attack
332,36.0,1,1,140,128,0,1,164,1,0.0,2,0,2,Heart Attack
333,55.0,0,1,128,183,1,1,172,0,2.3,2,0,2,Heart Attack
334,45.0,1,2,105,193,0,0,154,1,0.6,1,0,3,Heart Attack
335,74.0,1,2,112,123,0,1,179,0,0.0,2,0,2,Heart Attack
336,47.0,1,1,128,183,0,0,182,0,0.0,2,0,2,Heart Attack
337,66.0,1,2,102,132,0,1,160,0,1.7,2,1,2,Heart Attack
338,29.0,1,3,152,183,1,1,172,0,1.2,1,0,3,Heart Attack
339,57.0,0,0,102,193,0,0,122,0,0.6,1,0,2,Heart Attack
340,44.0,1,2,115,184,0,0,160,0,1.6,1,0,3,Heart Attack
341,48.0,1,2,118,190,0,1,151,0,1.2,2,1,3,Heart Attack
342,67.0,0,1,101,199,1,1,156,0,1.4,2,0,3,Heart Attack
343,53.0,0,2,110,183,0,1,122,0,3.2,1,0,2,Heart Attack
344,67.0,1,0,100,129,0,0,123,0,1.0,1,0,2,Heart Attack
345,38.0,0,2,124,391,1,1,162,0,2.0,2,2,2,Heart Attack
346,57.0,1,0,132,128,0,1,162,1,1.0,2,0,3,Heart Attack
347,76.0,1,2,138,271,0,1,172,0,0.0,2,4,2,Heart Attack
348,56.0,0,1,132,271,1,0,126,1,2.3,2,1,2,Heart Attack
349,45.0,1,1,112,172,0,1,153,0,1.0,1,0,2,Heart Attack
350,57.0,1,0,142,172,0,0,153,1,2.3,2,0,3,Heart Attack
351,59.0,0,0,145,173,0,1,162,0,1.3,1,0,2,Heart Attack
352,43.0,0,0,108,233,1,0,147,0,0.1,2,3,3,Heart Attack
353,56.0,1,2,130,315,0,1,162,0,1.9,2,1,2,Heart Attack
354,48.0,1,2,130,246,1,1,173,0,2.5,2,3,2,Heart Attack
355,73.0,1,3,148,244,0,0,178,0,2.6,2,2,2,Heart Attack
356,33.0,1,3,178,270,0,1,145,0,4.2,0,0,3,Heart Attack
357,45.0,0,1,140,177,0,1,169,0,2.6,2,2,2,Heart Attack
358,49.0,1,2,120,172,1,1,158,0,0.8,0,0,3,Heart Attack
359,60.0,1,2,129,181,0,1,139,0,0.0,2,0,2,Heart Attack
360,57.0,0,2,120,271,0,0,115,0,1.5,1,0,2,Heart Attack
361,58.0,0,3,160,173,1,0,177,0,0.1,1,1,2,Heart Attack
362,53.0,0,0,138,137,0,0,137,1,3.1,1,0,2,Heart Attack
363,69.0,1,1,120,173,0,1,182,0,1.6,2,0,2,Heart Attack
364,73.0,0,0,110,163,0,0,193,0,0.0,2,0,2,Heart Attack
365,64.0,1,0,180,281,0,1,128,1,0.0,2,0,2,Heart Attack
366,57.0,1,2,150,271,1,1,173,0,1.4,2,1,3,Heart Attack
367,64.0,0,2,140,281,0,1,133,0,0.2,2,0,3,Heart Attack
368,43.0,1,0,110,127,0,1,161,0,0.0,2,0,3,Heart Attack
369,47.0,1,1,130,128,0,1,172,0,0.0,2,0,2,Heart Attack
370,56.0,0,2,120,182,0,1,122,0,2.1,2,0,2,Heart Attack
371,45.0,1,2,130,172,0,0,155,0,2.0,1,0,2,Heart Attack
372,77.0,1,3,120,183,0,0,172,0,1.3,1,0,3,Heart Attack
373,74.0,1,1,105,183,0,1,127,0,0.0,2,0,2,Heart Attack
374,56.0,0,0,138,271,0,0,138,1,0.0,1,0,2,Heart Attack
375,59.0,0,0,130,303,0,1,182,0,2.0,1,2,2,Heart Attack
376,50.0,1,0,138,172,0,0,182,0,0.0,2,0,2,Heart Attack
377,41.0,1,2,112,271,0,0,172,1,2.1,2,0,2,Heart Attack
378,47.0,0,2,108,172,0,0,167,0,0.0,2,0,2,Heart Attack
379,69.0,0,2,94,281,0,1,179,0,0.0,2,0,2,Heart Attack
380,34.0,1,1,118,182,0,1,172,0,0.1,2,0,2,Heart Attack
381,54.0,1,0,112,281,0,0,182,0,0.1,2,0,2,Heart Attack
382,57.0,0,2,152,289,0,1,172,0,0.9,2,1,2,Heart Attack
383,53.0,0,2,136,271,0,0,169,0,0.1,1,0,2,Heart Attack
384,45.0,1,1,120,283,0,0,198,1,0.2,2,1,2,Heart Attack
385,49.0,0,2,160,178,0,1,173,0,0.0,2,1,2,Heart Attack
386,67.0,0,1,134,222,0,1,183,0,0.4,1,0,2,Heart Attack
387,48.0,0,1,120,118,0,1,183,0,1.3,2,0,2,Heart Attack
388,59.0,1,1,110,182,0,1,172,0,1.0,2,0,2,Heart Attack
389,32.0,1,1,126,183,0,1,99,0,0.0,2,0,2,Heart Attack
390,37.0,0,0,130,189,0,1,100,0,1.6,2,0,2,Heart Attack
391,30.0,1,2,120,182,1,1,193,0,1.7,2,0,2,Heart Attack
392,61.0,1,1,128,192,1,0,103,0,3.0,2,0,2,Heart Attack
393,63.0,1,0,110,291,0,1,117,1,1.5,1,0,1,Heart Attack
394,58.0,0,0,128,218,0,1,129,1,3.1,1,1,3,Heart Attack
395,37.0,0,2,120,271,0,0,119,0,0.6,2,0,2,Heart Attack
396,76.0,1,0,115,283,0,1,192,0,1.2,1,0,2,Heart Attack
397,65.0,0,2,120,218,0,1,184,0,0.0,1,0,2,Heart Attack
398,67.0,0,0,106,192,0,1,173,0,1.4,2,2,2,Heart Attack
399,76.0,0,2,140,119,0,2,116,0,1.1,1,0,2,Heart Attack
400,70.0,1,1,156,182,0,0,143,0,0.5,2,0,2,Heart Attack
401,44.0,0,2,118,189,0,1,149,0,0.3,1,1,2,Heart Attack
402,46.0,0,3,150,281,0,1,95,0,0.9,2,0,2,Heart Attack
403,72.0,1,2,120,182,0,1,119,0,0.0,2,0,2,Heart Attack
404,45.0,1,2,130,180,0,1,102,0,0.0,2,0,2,Heart Attack
405,37.0,0,0,160,200,0,0,107,0,1.0,2,0,1,Heart Attack
406,48.0,0,0,112,273,0,1,184,0,0.3,1,0,2,Heart Attack
407,52.0,1,3,170,120,0,0,198,0,1.0,1,0,3,Heart Attack
408,63.0,1,2,146,121,0,1,192,0,0.2,1,1,2,Heart Attack
409,74.0,0,2,138,193,0,1,128,0,0.0,1,0,2,Heart Attack
410,37.0,0,0,130,293,0,1,182,0,0.6,1,0,2,Heart Attack
411,73.0,1,2,130,293,0,1,162,0,0.0,2,0,2,Heart Attack
412,73.0,0,1,122,183,0,1,172,0,0.0,2,0,2,Heart Attack
413,63.0,0,1,125,395,0,1,167,0,0.4,1,4,3,Heart Attack
414,76.0,1,1,130,183,0,0,193,0,0.0,2,0,3,Heart Attack
415,72.0,0,1,120,240,0,1,192,0,1.3,0,0,2,Heart Attack
416,29.0,0,1,132,342,0,1,167,0,1.2,2,0,2,Heart Attack
417,56.0,1,1,120,157,0,1,172,0,1.7,2,0,2,Heart Attack
418,45.0,1,2,138,175,0,1,173,0,3.5,2,4,2,Heart Attack
419,38.0,1,2,138,175,0,1,139,0,0.0,2,4,2,Heart Attack
420,67.0,0,0,160,286,0,0,128,1,2.5,1,3,2,No Heart Attack
421,67.0,0,0,120,229,0,0,173,1,2.7,1,2,3,No Heart Attack
422,56.0,0,0,140,268,0,0,182,0,3.6,0,2,2,No Heart Attack
423,54.0,1,0,130,364,0,0,183,0,1.4,1,1,3,No Heart Attack
424,,1,0,140,273,1,1,127,1,3.1,0,0,3,No Heart Attack
425,42.0,1,2,130,183,1,1,182,1,1.4,1,1,1,No Heart Attack
426,56.0,0,1,110,184,0,1,137,0,1.0,0,0,3,No Heart Attack
427,58.0,1,1,120,29,0,0,183,0,1.8,1,0,2,No Heart Attack
428,76.0,1,2,132,139,0,0,173,0,3.2,2,2,3,No Heart Attack
429,45.0,1,0,130,146,0,0,172,1,2.4,1,2,3,No Heart Attack
430,63.0,1,0,110,174,0,0,172,1,2.0,1,0,3,No Heart Attack
431,68.0,1,0,117,164,1,1,127,1,1.4,2,2,3,No Heart Attack
432,53.0,1,2,140,382,0,1,183,0,1.3,2,0,2,No Heart Attack
433,58.0,1,0,120,284,0,0,163,1,2.5,1,0,3,No Heart Attack
434,62.0,1,0,150,284,0,0,154,1,0.6,1,1,1,No Heart Attack
435,39.0,0,0,132,353,0,1,129,1,0.0,1,1,3,No Heart Attack
436,39.0,0,0,150,225,0,0,183,0,0.8,1,3,3,No Heart Attack
437,34.0,0,0,130,330,0,0,193,0,0.0,2,0,2,No Heart Attack
438,67.0,1,2,112,230,0,0,196,0,2.5,1,1,3,No Heart Attack
439,54.0,1,0,150,383,0,0,186,0,2.6,1,0,3,No Heart Attack
440,57.0,1,0,112,382,0,0,176,0,0.0,2,1,2,No Heart Attack
441,64.0,1,0,130,172,0,1,186,1,1.4,2,1,3,No Heart Attack
442,37.0,0,0,124,384,0,0,168,1,2.3,1,1,3,No Heart Attack
443,45.0,0,2,140,245,0,1,197,0,0.0,1,1,3,No Heart Attack
444,38.0,1,0,110,233,0,0,184,0,0.0,2,0,3,No Heart Attack
445,72.0,0,0,130,183,0,1,201,1,1.2,1,0,3,No Heart Attack
446,65.0,1,0,128,216,0,0,184,1,2.2,1,3,3,No Heart Attack
447,37.0,1,0,120,201,0,1,144,0,1.3,1,1,3,No Heart Attack
448,29.0,1,0,145,392,0,0,174,1,2.8,1,2,3,No Heart Attack
449,40.0,0,2,140,183,0,0,187,0,1.3,1,0,2,No Heart Attack
450,50.0,0,0,170,283,0,0,175,1,1.3,0,0,3,No Heart Attack
451,67.0,1,2,150,173,0,1,165,0,1.6,1,0,2,No Heart Attack
452,53.0,1,0,125,254,1,1,147,0,1.9,1,2,3,No Heart Attack
453,62.0,0,0,120,267,0,1,195,1,2.1,1,2,3,No Heart Attack
454,65.0,1,0,110,248,0,0,183,0,2.5,2,2,1,No Heart Attack
455,44.0,1,0,110,197,0,0,129,0,2.1,2,1,2,No Heart Attack
456,67.0,1,0,125,258,0,0,193,1,2.8,1,1,3,No Heart Attack
457,64.0,0,0,150,172,0,0,139,1,0.8,2,0,3,No Heart Attack
458,68.0,0,2,180,274,1,0,184,1,1.6,1,0,3,No Heart Attack
459,34.0,0,0,160,183,0,0,145,0,1.4,0,3,3,No Heart Attack
460,78.0,1,0,128,281,0,1,141,1,0.0,2,1,3,No Heart Attack
461,68.0,1,0,110,382,0,0,148,1,1.2,1,1,3,No Heart Attack
462,57.0,0,0,150,258,0,0,128,0,2.6,1,2,3,No Heart Attack
463,53.0,1,2,120,188,0,1,193,0,2.1,1,3,3,No Heart Attack
464,67.0,1,0,140,183,0,1,192,1,0.0,2,1,3,No Heart Attack
465,56.0,1,2,128,229,0,0,183,0,0.8,1,1,3,No Heart Attack
466,53.0,0,0,120,260,0,1,140,1,3.6,1,1,3,No Heart Attack
467,37.0,1,0,118,182,0,1,140,0,1.2,1,0,3,No Heart Attack
468,78.0,1,0,145,137,0,0,146,1,1.0,1,0,3,No Heart Attack
469,56.0,1,0,125,183,1,0,172,1,1.2,1,1,2,No Heart Attack
470,35.0,0,0,132,341,1,0,88,1,3.0,1,0,3,No Heart Attack
471,73.0,0,2,130,263,0,1,183,0,1.2,1,1,3,No Heart Attack
472,75.0,1,0,130,183,1,0,182,1,1.8,2,3,3,No Heart Attack
473,39.0,1,0,135,128,0,0,128,0,2.8,1,1,3,No Heart Attack
474,74.0,1,0,130,256,1,0,182,1,3.2,2,2,3,No Heart Attack
475,37.0,0,0,150,407,0,1,172,0,3.2,1,3,3,No Heart Attack
476,49.0,1,0,140,217,0,1,111,1,2.5,0,0,3,No Heart Attack
477,56.0,0,3,138,283,1,0,174,0,1.4,1,1,2,No Heart Attack
478,48.0,0,0,200,172,1,0,162,1,4.0,0,2,3,No Heart Attack
479,38.0,1,0,110,172,0,1,128,1,2.8,1,1,3,No Heart Attack
480,53.0,0,0,145,192,0,1,110,1,3.4,0,0,3,No Heart Attack
481,48.0,1,1,120,129,0,0,102,0,1.4,1,1,3,No Heart Attack
482,53.0,1,0,120,198,0,1,109,1,1.6,1,0,3,No Heart Attack
483,40.0,0,3,170,288,0,0,121,0,2.4,1,0,3,No Heart Attack
484,71.0,1,2,125,309,0,1,172,1,1.8,1,0,3,No Heart Attack
485,46.0,1,2,108,243,0,1,126,0,2.3,2,0,2,No Heart Attack
486,37.0,0,0,165,273,1,0,162,0,1.0,1,3,3,No Heart Attack
487,44.0,0,0,160,172,0,0,163,1,0.8,1,1,3,No Heart Attack
488,64.0,0,0,120,128,0,0,180,1,1.4,0,1,2,No Heart Attack
489,46.0,1,0,130,283,0,0,130,0,0.0,1,3,2,No Heart Attack
490,34.0,1,0,140,192,0,1,173,1,1.6,2,0,3,No Heart Attack
491,65.0,0,0,125,190,0,0,171,0,0.0,2,2,3,No Heart Attack
492,77.0,0,0,140,293,0,0,170,0,0.9,1,2,3,No Heart Attack
493,45.0,1,0,125,304,0,0,162,1,0.0,2,3,2,No Heart Attack
494,29.0,1,0,126,201,0,0,156,1,1.0,2,0,3,No Heart Attack
495,50.0,0,2,160,278,0,1,112,1,2.9,1,1,3,No Heart Attack
496,39.0,0,0,174,263,0,1,200,1,0.0,1,0,2,No Heart Attack
497,40.0,1,0,145,288,0,0,132,0,3.0,1,2,1,No Heart Attack
498,56.0,1,3,145,233,1,0,150,0,2.3,0,0,1,Heart Attack
499,74.0,1,2,130,250,0,1,232,0,3.5,0,0,2,Heart Attack
500,36.0,1,1,130,204,0,0,264,0,2.3,2,0,2,Heart Attack
501,66.0,1,1,120,236,0,1,275,0,1.1,2,0,2,Heart Attack
502,47.0,0,0,120,354,0,1,1,1,1.4,2,0,2,Heart Attack
503,73.0,1,0,140,192,0,1,46,0,1.5,1,0,1,Heart Attack
504,47.0,1,1,140,294,0,0,136,0,1.1,1,0,2,Heart Attack
505,37.0,0,1,120,263,0,1,154,0,0.4,2,0,3,Heart Attack
506,49.0,0,2,172,199,1,1,2367,0,0.7,2,0,3,Heart Attack
507,56.0,1,2,150,168,0,1,135,0,3.3,2,0,2,Heart Attack
508,53.0,1,0,140,239,0,1,123,0,1.8,2,0,2,Heart Attack
509,37.0,1,2,130,275,0,1,133,0,1.3,2,0,2,Heart Attack
510,35.0,1,1,130,266,0,1,332,0,0.5,2,0,2,Heart Attack
511,26.0,0,3,110,211,0,0,232,1,2.3,1,0,2,Heart Attack
512,37.0,1,3,150,283,1,0,150,0,2.1,2,0,2,Heart Attack
513,74.0,1,2,120,219,0,1,122,0,3.4,1,0,2,Heart Attack
514,37.0,0,2,120,340,0,1,124,0,2.4,2,0,2,Heart Attack
515,53.0,0,3,150,226,0,1,150,0,2.0,0,0,2,Heart Attack
516,78.0,1,0,150,247,0,1,79,0,1.5,2,0,2,Heart Attack
517,52.0,0,3,140,239,0,1,133,0,1.8,2,2,2,Heart Attack
518,28.0,1,0,135,234,0,1,188,0,1.9,1,0,3,Heart Attack
519,31.0,0,2,130,233,0,1,193,1,0.7,2,0,2,Heart Attack
520,36.0,1,0,140,226,0,1,123,0,2.3,2,0,2,Heart Attack
521,73.0,0,2,150,243,1,1,177,1,2.1,1,0,2,Heart Attack
522,40.0,1,3,140,199,0,1,150,1,1.1,2,0,3,Heart Attack
523,71.0,0,1,160,302,0,1,129,0,1.0,2,2,2,Heart Attack
524,59.0,1,2,150,212,1,1,100,1,2.3,2,0,2,Heart Attack
525,51.0,0,2,110,175,0,1,201,0,0.6,2,0,2,Heart Attack
526,65.0,1,2,140,417,1,0,177,0,1.2,2,1,2,Heart Attack
527,78.0,1,2,130,197,1,0,187,0,2.1,0,0,2,Heart Attack
528,54.0,0,1,105,198,0,1,177,0,0.4,2,1,2,Heart Attack
529,36.0,1,0,120,177,0,1,172,0,1.3,2,0,3,Heart Attack
530,44.0,1,1,130,219,0,0,166,0,0.3,2,0,2,Heart Attack
531,37.0,1,2,125,273,0,0,138,0,3.4,0,1,2,Heart Attack
532,57.0,0,3,125,213,0,0,182,1,1.2,2,1,2,Heart Attack
533,63.0,0,2,142,177,0,0,122,1,1.1,0,0,2,Heart Attack
534,61.0,1,2,135,304,1,1,121,0,0.0,2,0,2,Heart Attack
535,78.0,0,2,150,232,0,0,133,0,2.3,2,0,3,Heart Attack
536,63.0,1,2,155,269,0,1,121,0,0.8,2,0,2,Heart Attack
537,53.0,0,2,160,360,0,0,100,0,1.2,2,0,2,Heart Attack
538,40.0,1,2,140,308,0,0,87,0,1.5,2,1,2,Heart Attack
539,43.0,1,1,130,245,0,0,199,0,1.3,1,0,2,Heart Attack
540,29.0,0,0,104,208,0,0,111,1,2.4,1,0,2,Heart Attack
541,48.0,1,0,130,264,0,0,188,0,1.0,1,0,2,Heart Attack
542,78.0,1,2,140,321,0,0,112,0,2.0,2,0,2,Heart Attack
543,67.0,0,1,120,325,0,1,180,0,1.9,2,0,2,Heart Attack
544,54.0,0,2,140,235,0,0,99,0,2.8,2,0,2,Heart Attack
545,45.0,1,2,138,257,0,0,110,0,0.0,2,0,2,Heart Attack
546,33.0,0,2,128,216,0,0,192,0,0.0,2,0,0,Heart Attack
547,35.0,0,0,138,234,0,0,150,0,2.1,2,0,2,Heart Attack
548,55.0,1,2,130,256,0,0,178,0,0.5,2,0,2,Heart Attack
549,45.0,1,0,120,302,0,0,150,0,1.1,1,0,2,Heart Attack
550,62.0,0,2,130,231,0,1,133,0,1.8,1,3,3,Heart Attack
551,38.0,0,2,108,141,0,1,181,0,1.2,1,0,2,Heart Attack
552,63.0,1,2,135,252,0,0,112,0,1.2,2,0,2,Heart Attack
553,48.0,1,1,134,201,0,1,181,0,2.3,2,1,2,Heart Attack
554,38.0,0,0,122,222,0,0,121,0,1.1,2,0,2,Heart Attack
555,73.0,0,0,115,260,0,0,188,0,0.0,2,0,2,Heart Attack
556,33.0,1,3,118,182,0,0,191,0,1.6,2,0,2,Heart Attack
557,,0,0,128,303,0,0,200,0,2.1,2,1,2,Heart Attack
558,30.0,1,2,110,265,1,0,181,0,1.4,2,1,2,Heart Attack
559,60.0,1,1,108,309,0,1,119,0,1.2,2,0,3,Heart Attack
560,54.0,0,3,118,186,0,0,100,0,1.2,1,0,1,Heart Attack
561,38.0,1,1,135,203,0,1,180,0,1.5,1,0,1,Heart Attack
562,77.0,1,2,140,211,1,0,110,0,0.0,2,0,2,Heart Attack
563,43.0,0,0,138,183,0,1,192,0,1.2,2,0,2,Heart Attack
564,51.0,0,2,100,222,0,1,165,1,1.2,1,0,2,Heart Attack
565,38.0,0,1,130,234,0,0,182,0,0.6,1,0,2,Heart Attack
566,48.0,1,1,120,220,0,1,128,0,0.4,2,0,2,Heart Attack
567,47.0,0,0,124,209,0,1,182,0,1.2,2,0,2,Heart Attack
568,38.0,1,2,120,258,0,0,123,0,0.4,1,0,3,Heart Attack
569,29.0,0,2,94,227,0,1,145,1,2.1,2,1,3,Heart Attack
570,40.0,0,1,130,204,0,0,177,0,1.8,2,0,2,Heart Attack
571,50.0,1,0,140,261,0,0,137,1,1.9,2,0,2,Heart Attack
572,55.0,0,2,122,213,0,1,182,0,0.2,1,0,2,Heart Attack
573,45.0,0,1,135,250,0,0,123,0,1.7,1,0,2,Heart Attack
574,67.0,1,2,125,245,1,0,172,0,1.3,1,0,2,Heart Attack
575,78.0,1,1,140,221,0,0,198,1,0.0,2,0,2,Heart Attack
576,52.0,0,1,128,205,1,1,121,0,2.1,2,0,2,Heart Attack
577,58.0,0,2,105,240,0,0,122,1,1.4,1,0,3,Heart Attack
578,41.0,1,2,112,250,0,1,150,0,2.1,2,0,2,Heart Attack
579,56.0,1,1,128,308,0,0,150,0,1.3,2,0,2,Heart Attack
580,64.0,0,2,102,318,0,1,98,0,1.3,2,1,2,Heart Attack
581,38.0,0,3,152,298,1,1,201,0,1.1,1,0,3,Heart Attack
582,32.0,0,0,102,265,0,0,150,0,0.8,1,0,2,Heart Attack
583,56.0,1,2,115,564,0,0,200,0,2.3,1,0,3,Heart Attack
584,53.0,1,2,118,277,0,1,129,0,2.1,2,1,3,Heart Attack
585,71.0,0,1,101,197,1,1,123,0,1.4,2,0,3,Heart Attack
586,55.0,1,2,110,214,0,1,145,0,1.6,1,0,2,Heart Attack
587,47.0,0,0,100,248,0,0,146,0,1.0,1,0,2,Heart Attack
588,37.0,1,2,124,255,1,1,149,0,0.0,2,2,2,Heart Attack
589,73.0,0,0,132,207,0,1,142,1,1.3,2,0,3,Heart Attack
590,37.0,0,2,138,223,0,1,124,0,1.9,2,4,2,Heart Attack
591,54.0,0,1,132,288,1,0,135,1,2.1,2,1,2,Heart Attack
592,45.0,1,1,112,160,0,1,135,0,2.2,1,0,2,Heart Attack
593,53.0,1,0,142,226,0,0,137,1,0.0,2,0,3,Heart Attack
594,62.0,0,0,140,394,0,0,142,0,1.2,1,0,2,Heart Attack
595,52.0,1,0,108,233,1,1,144,0,0.1,2,3,3,Heart Attack
596,43.0,0,2,130,315,0,1,134,0,1.9,2,1,2,Heart Attack
597,53.0,0,2,130,246,1,0,176,0,0.0,2,3,2,Heart Attack
598,42.0,1,3,148,244,0,0,141,0,0.2,2,2,2,Heart Attack
599,58.0,0,3,178,270,0,0,134,0,2.6,0,0,3,Heart Attack
600,54.0,0,1,140,195,0,1,135,0,0.1,2,2,2,Heart Attack
601,43.0,0,2,120,240,1,1,138,0,0.8,0,0,3,Heart Attack
602,29.0,1,2,129,196,0,1,130,0,2.4,2,0,2,Heart Attack
603,40.0,0,2,120,211,0,0,100,0,1.0,1,0,2,Heart Attack
604,59.0,1,3,160,234,1,0,98,0,0.1,1,1,2,Heart Attack
605,69.0,1,0,138,236,0,0,129,1,0.7,1,0,2,Heart Attack
606,74.0,1,1,120,244,0,1,131,1,2.3,2,0,2,Heart Attack
607,48.0,0,0,110,254,0,0,150,0,0.5,2,0,2,Heart Attack
608,59.0,1,0,180,325,0,1,198,1,0.0,2,0,2,Heart Attack
609,39.0,1,2,150,126,1,1,128,0,0.2,2,1,3,Heart Attack
610,54.0,0,2,140,313,0,1,150,0,0.2,2,0,3,Heart Attack
611,49.0,0,0,110,211,0,1,200,0,0.0,2,0,3,Heart Attack
612,53.0,1,1,130,262,0,1,201,0,0.0,2,0,2,Heart Attack
613,,0,2,120,215,0,1,150,0,0.7,2,0,2,Heart Attack
614,50.0,1,2,130,214,0,0,150,0,3.1,1,0,2,Heart Attack
615,38.0,0,3,120,193,0,0,134,0,2.4,1,0,3,Heart Attack
616,65.0,1,1,105,204,0,1,100,0,1.9,2,0,2,Heart Attack
617,37.0,0,0,138,243,0,0,176,1,2.5,1,0,2,Heart Attack
618,72.0,0,0,130,303,0,1,135,0,3.5,1,2,2,Heart Attack
619,39.0,1,0,138,271,0,0,142,0,1.2,2,0,2,Heart Attack
620,71.0,0,2,112,268,0,0,150,1,2.1,2,0,2,Heart Attack
621,34.0,1,2,108,267,0,0,136,0,0.0,2,0,2,Heart Attack
622,55.0,0,2,94,199,0,1,128,0,0.0,2,0,2,Heart Attack
623,78.0,1,1,118,210,0,1,155,0,0.7,2,0,2,Heart Attack
624,66.0,1,0,112,204,0,1,104,0,0.1,2,0,2,Heart Attack
625,39.0,1,2,152,277,0,1,136,0,1.3,2,1,2,Heart Attack
626,50.0,0,2,136,196,0,0,165,0,1.5,1,0,2,Heart Attack
627,53.0,1,1,120,269,0,0,189,0,0.2,2,1,2,Heart Attack
628,47.0,0,2,160,201,0,1,134,0,0.3,2,1,2,Heart Attack
629,62.0,0,1,134,271,0,1,175,0,1.3,1,0,2,Heart Attack
630,40.0,0,1,120,295,0,1,130,0,0.0,2,0,2,Heart Attack
631,40.0,1,1,110,235,0,1,189,0,1.7,2,0,2,Heart Attack
632,57.0,0,1,126,306,0,1,148,0,2.3,2,0,2,Heart Attack
633,73.0,1,0,130,269,0,1,200,0,1.8,2,0,2,Heart Attack
634,29.0,0,2,120,178,1,1,134,0,2.1,2,0,2,Heart Attack
635,40.0,1,1,128,208,1,0,89,0,0.9,2,0,2,Heart Attack
636,77.0,1,0,110,201,0,1,78,1,1.5,1,0,1,Heart Attack
637,,0,0,128,263,0,1,99,1,0.2,1,1,3,Heart Attack
638,30.0,1,2,120,295,0,0,111,0,0.6,2,0,2,Heart Attack
639,40.0,0,0,115,303,0,1,135,0,2.3,1,0,2,Heart Attack
640,66.0,0,2,120,209,0,1,123,0,2.7,1,0,2,Heart Attack
641,71.0,1,0,106,223,1,1,136,0,1.3,2,2,2,Heart Attack
642,40.0,0,2,140,197,0,2,135,0,1.6,1,0,2,Heart Attack
643,71.0,0,1,156,245,0,0,122,0,1.5,2,0,2,Heart Attack
644,40.0,0,2,118,242,0,1,145,0,1.3,1,1,2,Heart Attack
645,65.0,1,3,150,240,0,1,140,0,1.7,2,0,2,Heart Attack
646,38.0,1,2,120,226,0,1,132,0,2.1,2,0,2,Heart Attack
647,61.0,1,2,130,180,0,1,130,0,0.0,2,0,2,Heart Attack
648,30.0,0,0,160,228,0,0,176,0,2.3,2,0,1,Heart Attack
649,46.0,0,0,112,149,0,1,135,0,1.6,1,0,2,Heart Attack
650,64.0,1,3,170,227,0,0,136,0,1.7,1,0,3,Heart Attack
651,78.0,0,2,146,278,0,0,111,0,1.5,1,1,2,Heart Attack
652,61.0,0,2,138,220,0,1,189,0,0.4,1,0,2,Heart Attack
653,58.0,1,0,130,197,0,1,135,0,1.5,1,0,2,Heart Attack
654,47.0,1,2,130,253,0,1,131,0,0.0,2,0,2,Heart Attack
655,35.0,0,1,122,192,0,1,187,0,1.4,2,0,2,Heart Attack
656,58.0,1,1,125,220,0,1,201,0,0.4,1,4,3,Heart Attack
657,56.0,0,1,130,221,0,0,124,0,1.5,2,0,3,Heart Attack
658,56.0,1,1,120,240,0,1,146,0,0.3,0,0,2,Heart Attack
659,55.0,0,1,132,342,0,1,130,0,1.2,2,0,2,Heart Attack
660,41.0,0,1,120,157,0,1,143,0,1.4,2,0,2,Heart Attack
661,78.0,1,2,138,175,0,1,122,0,0.0,2,4,2,Heart Attack
662,71.0,0,2,138,175,0,1,119,0,2.1,2,4,2,Heart Attack
663,50.0,1,0,160,286,0,0,120,1,1.5,1,3,2,No Heart Attack
664,66.0,0,0,120,229,0,0,111,1,2.6,1,2,3,No Heart Attack
665,38.0,0,0,140,268,0,0,200,0,2.1,0,2,2,No Heart Attack
666,76.0,1,0,130,254,0,0,112,0,1.4,1,1,3,No Heart Attack
667,66.0,0,0,140,203,1,0,109,1,3.1,0,0,3,No Heart Attack
668,45.0,1,2,130,256,1,0,102,1,0.6,1,1,1,No Heart Attack
669,34.0,0,1,110,229,0,1,110,0,1.0,0,0,3,No Heart Attack
670,65.0,1,1,120,284,0,0,121,0,1.8,1,0,2,No Heart Attack
671,35.0,0,2,132,224,0,0,120,0,3.2,2,2,3,No Heart Attack
672,75.0,1,0,130,206,0,0,200,1,2.4,1,2,3,No Heart Attack
673,36.0,1,0,110,167,0,0,123,1,2.0,1,0,3,No Heart Attack
674,47.0,0,0,117,230,1,1,142,1,3.0,2,2,3,No Heart Attack
675,38.0,1,2,140,335,0,1,123,0,0.0,2,0,2,No Heart Attack
676,47.0,0,0,120,177,0,0,130,1,2.5,1,0,3,No Heart Attack
677,73.0,1,0,150,276,0,0,203,1,2.2,1,1,1,No Heart Attack
678,27.0,1,0,132,353,0,1,200,1,2.1,1,1,3,No Heart Attack
679,38.0,0,0,150,225,0,0,127,0,1.3,1,3,3,No Heart Attack
680,73.0,1,0,130,330,0,0,172,0,1.4,2,0,2,No Heart Attack
681,43.0,0,2,112,230,0,0,123,0,1.9,1,1,3,No Heart Attack
682,37.0,1,0,150,243,0,0,183,0,1.3,1,0,3,No Heart Attack
683,56.0,0,0,112,290,0,0,176,0,0.9,2,1,2,No Heart Attack
684,41.0,1,0,130,253,0,1,200,1,0.4,2,1,3,No Heart Attack
685,74.0,1,0,124,266,0,0,101,1,1.4,1,1,3,No Heart Attack
686,37.0,0,2,140,233,0,1,89,0,2.1,1,1,3,No Heart Attack
687,33.0,0,0,110,172,0,0,96,0,1.6,2,0,3,No Heart Attack
688,73.0,0,0,130,305,0,1,188,1,1.7,1,0,3,No Heart Attack
689,58.0,1,0,128,216,0,0,192,1,3.2,1,3,3,No Heart Attack
690,54.0,1,0,120,188,0,1,121,0,1.6,1,1,3,No Heart Attack
691,60.0,0,0,145,282,0,0,120,1,1.3,1,2,3,No Heart Attack
692,60.0,0,2,140,185,0,0,192,0,1.7,1,0,2,No Heart Attack
693,47.0,1,0,170,326,0,0,120,1,3.4,0,0,3,No Heart Attack
694,74.0,0,2,150,231,0,1,149,0,1.3,1,0,2,No Heart Attack
695,34.0,1,0,125,254,1,1,140,0,1.3,1,2,3,No Heart Attack
696,63.0,1,0,120,267,0,1,160,1,1.6,1,2,3,No Heart Attack
697,36.0,0,0,110,248,0,0,173,0,1.7,2,2,1,No Heart Attack
698,73.0,1,0,110,197,0,0,173,0,1.3,2,1,2,No Heart Attack
699,54.0,1,0,125,258,0,0,182,1,1.9,1,1,3,No Heart Attack
700,27.0,1,0,150,270,0,0,183,1,1.3,2,0,3,No Heart Attack
701,78.0,1,2,180,274,1,0,138,1,1.2,1,0,3,No Heart Attack
702,47.0,0,0,160,164,0,0,172,0,1.8,0,3,3,No Heart Attack
703,35.0,1,0,128,255,0,1,183,1,0.0,2,1,3,No Heart Attack
704,49.0,1,0,110,239,0,0,89,1,0.3,1,1,3,No Heart Attack
705,60.0,0,0,150,258,0,0,192,0,0.3,1,2,3,No Heart Attack
706,49.0,0,2,120,188,0,1,100,0,1.5,1,3,3,No Heart Attack
707,74.0,1,0,140,177,0,1,150,1,2.4,2,1,3,No Heart Attack
708,57.0,1,2,128,229,0,0,99,0,2.1,1,1,3,No Heart Attack
709,61.0,0,0,120,260,0,1,79,1,2.3,1,1,3,No Heart Attack
710,47.0,1,0,118,219,0,1,183,0,2.4,1,0,3,No Heart Attack
711,45.0,0,0,145,307,0,0,90,1,1.1,1,0,3,No Heart Attack
712,54.0,1,0,125,249,1,0,178,1,1.4,1,1,2,No Heart Attack
713,34.0,0,0,132,341,1,0,93,1,0.9,1,0,3,No Heart Attack
714,56.0,0,2,130,263,0,1,190,0,2.1,1,1,3,No Heart Attack
715,56.0,1,0,130,330,1,0,123,1,1.4,2,3,3,No Heart Attack
716,54.0,0,0,135,254,0,0,144,0,2.1,1,1,3,No Heart Attack
717,76.0,1,0,130,256,1,0,199,1,1.4,2,2,3,No Heart Attack
718,24.0,0,0,150,407,0,0,200,0,1.7,1,3,3,No Heart Attack
719,74.0,1,0,140,217,0,1,190,1,1.9,0,0,3,No Heart Attack
720,67.0,1,3,138,282,1,0,120,0,0.0,1,1,2,No Heart Attack
721,67.0,0,0,200,288,1,0,100,1,1.4,0,2,3,No Heart Attack
722,48.0,1,0,110,239,0,1,191,1,2.1,1,1,3,No Heart Attack
723,48.0,1,0,145,174,0,1,167,1,1.4,0,0,3,No Heart Attack
724,37.0,1,1,120,281,0,0,173,0,1.8,1,1,3,No Heart Attack
725,47.0,0,0,120,198,0,1,138,1,1.3,1,0,3,No Heart Attack
726,74.0,1,3,170,288,0,0,183,0,1.1,1,0,3,No Heart Attack
727,37.0,1,2,125,309,0,1,138,1,1.9,1,0,3,No Heart Attack
728,37.0,1,2,108,243,0,1,198,0,1.4,2,0,2,No Heart Attack
729,48.0,0,0,165,289,1,0,138,0,1.7,1,3,3,No Heart Attack
730,43.0,1,0,160,289,0,0,108,1,1.2,1,1,3,No Heart Attack
731,28.0,1,0,120,246,0,0,100,1,1.9,0,1,2,No Heart Attack
732,63.0,0,0,130,322,0,0,191,0,1.3,1,3,2,No Heart Attack
733,47.0,1,0,140,299,0,1,129,1,2.4,2,0,3,No Heart Attack
734,48.0,0,0,125,300,0,0,120,0,2.1,2,2,3,No Heart Attack
735,60.0,1,0,140,293,0,0,129,0,0.0,1,2,3,No Heart Attack
736,77.0,0,0,125,304,0,0,138,1,1.4,2,3,2,No Heart Attack
737,35.0,1,0,126,282,0,0,182,1,1.8,2,0,3,No Heart Attack
738,70.0,0,2,160,269,0,1,128,0,2.9,1,1,3,No Heart Attack
739,48.0,0,0,174,249,0,1,138,1,0.0,1,0,2,No Heart Attack
740,64.0,1,0,145,212,0,0,138,0,2.0,1,2,1,No Heart Attack
741,57.0,0,0,152,274,0,1,182,1,1.1,1,1,3,No Heart Attack
742,56.0,1,0,132,184,0,0,139,1,2.3,1,1,1,No Heart Attack
743,48.0,0,0,124,274,0,0,129,0,2.5,1,0,3,No Heart Attack
744,56.0,0,0,134,409,0,0,182,1,2.1,1,2,3,No Heart Attack
745,66.0,1,1,160,246,0,1,180,1,1.4,1,3,1,No Heart Attack
746,54.0,1,1,192,283,0,0,129,0,2.1,2,1,3,No Heart Attack
747,48.0,0,2,140,254,0,0,120,0,1.6,1,3,3,No Heart Attack
748,42.0,1,0,140,298,0,1,129,1,1.4,1,3,3,No Heart Attack
749,54.0,0,0,132,247,1,0,177,1,1.4,1,4,3,No Heart Attack
750,76.0,0,0,138,294,1,1,128,0,2.1,1,3,2,No Heart Attack
751,56.0,1,0,100,299,0,0,192,1,1.4,1,2,2,No Heart Attack
752,76.0,0,3,160,273,0,0,120,0,0.0,2,0,2,No Heart Attack
753,45.0,1,0,142,309,0,0,122,1,1.3,1,3,3,No Heart Attack
754,27.0,0,0,128,259,0,0,191,1,0.3,1,2,3,No Heart Attack
755,87.0,1,0,144,200,0,0,188,1,0.6,1,0,3,No Heart Attack
756,75.0,1,0,150,244,0,1,200,1,1.1,1,0,2,No Heart Attack
757,76.0,1,3,120,231,0,1,192,1,1.5,1,0,3,No Heart Attack
758,34.0,0,0,178,228,1,1,203,1,1.5,1,2,3,No Heart Attack
759,65.0,0,0,112,230,0,1,188,0,1.9,2,1,2,No Heart Attack
760,54.0,1,0,123,282,0,1,207,1,2.1,1,2,3,No Heart Attack
761,,0,0,108,269,0,1,123,1,3.4,1,2,2,No Heart Attack
762,35.0,1,0,110,206,0,0,138,1,2.4,1,1,2,No Heart Attack
763,65.0,1,0,112,212,0,0,130,1,2.9,2,1,2,No Heart Attack
764,56.0,0,0,180,327,0,2,193,1,1.8,1,0,2,No Heart Attack
765,44.0,1,2,118,149,0,0,138,0,1.5,2,3,2,No Heart Attack
766,56.0,0,0,122,286,0,0,129,1,1.3,1,2,2,No Heart Attack
767,47.0,1,0,130,283,1,0,120,1,1.4,0,0,3,No Heart Attack
768,35.0,1,0,120,249,0,0,139,0,0.8,2,0,3,No Heart Attack
769,65.0,1,3,134,234,0,1,129,0,2.6,1,2,2,No Heart Attack
770,45.0,0,0,120,237,0,1,121,0,1.0,1,0,2,No Heart Attack
771,58.0,1,0,100,234,0,1,100,0,1.0,2,1,3,No Heart Attack
772,47.0,1,0,110,275,0,0,98,1,2.1,1,1,2,No Heart Attack
773,52.0,0,0,125,212,0,1,79,0,0.9,2,2,3,No Heart Attack
774,58.0,1,0,146,218,0,1,193,0,2.0,1,1,3,No Heart Attack
775,57.0,1,1,124,261,0,1,139,0,0.3,2,0,3,No Heart Attack
776,58.0,0,1,136,319,1,0,138,0,3.1,2,2,2,No Heart Attack
777,61.0,0,0,138,166,0,0,131,1,0.3,1,1,2,No Heart Attack
778,56.0,1,0,136,315,0,1,139,1,1.2,1,0,1,No Heart Attack
779,52.0,1,0,128,204,1,1,100,1,0.3,1,0,0,No Heart Attack
780,75.0,0,2,126,218,1,1,182,0,0.8,1,1,1,No Heart Attack
781,46.0,1,0,152,223,0,1,181,0,3.1,2,0,3,No Heart Attack
782,56.0,1,0,140,207,0,0,129,1,1.2,2,1,3,No Heart Attack
783,46.0,1,0,140,311,0,1,121,1,1.3,1,2,3,No Heart Attack
784,45.0,1,3,134,204,0,1,199,0,1.3,2,2,2,No Heart Attack
785,45.0,0,1,154,232,0,0,129,0,1.4,2,1,2,No Heart Attack
786,78.0,1,0,110,335,0,1,182,1,1.1,1,1,3,No Heart Attack
787,55.0,0,0,128,205,0,2,129,1,1.8,1,1,3,No Heart Attack
788,45.0,1,0,148,203,0,1,110,0,1.3,2,1,3,No Heart Attack
789,66.0,0,0,114,318,0,2,182,0,1.2,0,3,1,No Heart Attack
790,56.0,0,0,170,225,1,0,129,1,1.9,1,2,1,No Heart Attack
791,44.0,1,2,152,212,0,0,120,0,1.3,1,0,3,No Heart Attack
792,46.0,1,0,120,169,0,1,182,1,1.1,0,0,1,No Heart Attack
793,65.0,0,0,140,187,0,0,178,1,0.0,2,2,3,No Heart Attack
794,35.0,0,0,124,197,0,1,129,1,0.3,1,0,2,No Heart Attack
795,67.0,1,0,164,176,1,0,182,0,0.7,1,2,1,No Heart Attack
796,65.0,0,0,140,241,0,1,129,1,1.5,1,0,3,No Heart Attack
797,36.0,1,3,110,264,0,1,182,0,1.2,1,0,3,No Heart Attack
798,68.0,1,0,144,193,1,1,190,0,1.3,1,2,3,No Heart Attack
799,57.0,0,0,130,131,0,1,100,1,1.4,1,1,3,No Heart Attack
800,57.0,0,1,130,236,0,0,101,0,1.8,1,1,2,No Heart Attack
801,35.0,0,2,124,216,0,0,192,0,3.2,2,0,0,Heart Attack
802,42.0,1,0,138,234,0,0,112,0,1.1,2,0,2,Heart Attack
803,51.0,0,2,130,203,0,0,102,0,2.1,2,0,2,Heart Attack
804,45.0,1,0,120,283,0,0,98,0,2.4,1,0,2,Heart Attack
805,65.0,1,2,130,283,0,1,79,0,2.5,1,3,3,Heart Attack
806,56.0,0,2,108,193,0,1,192,0,1.7,1,0,2,Heart Attack
807,44.0,0,2,135,301,0,0,102,0,1.3,2,0,2,Heart Attack
808,45.0,1,1,134,263,0,1,121,0,1.8,2,1,2,Heart Attack
809,44.0,1,0,122,273,0,0,182,0,1.1,2,0,2,Heart Attack
810,45.0,0,0,115,162,0,0,150,0,2.1,2,0,2,Heart Attack
811,43.0,1,3,118,173,0,0,150,0,1.9,2,0,2,Heart Attack
812,67.0,1,0,128,178,0,0,90,0,1.3,2,1,2,Heart Attack
813,45.0,0,2,110,164,1,0,192,0,1.3,2,1,2,Heart Attack
814,54.0,1,1,108,173,0,1,181,0,1.2,2,0,3,Heart Attack
815,56.0,0,3,118,311,0,0,182,0,1.1,1,0,1,Heart Attack
816,35.0,0,1,135,126,0,1,102,0,1.0,1,0,1,Heart Attack
817,75.0,1,2,140,172,1,0,102,0,2.1,2,0,2,Heart Attack
818,46.0,0,0,138,172,0,1,101,0,1.7,2,0,2,Heart Attack
819,54.0,1,2,100,179,0,1,123,1,2.0,1,0,2,Heart Attack
820,67.0,0,1,130,173,0,0,190,0,0.8,1,0,2,Heart Attack
821,65.0,1,1,120,211,0,1,200,0,1.2,2,0,2,Heart Attack
822,67.0,0,0,124,271,0,1,201,0,0.0,2,0,2,Heart Attack
823,33.0,1,1,163,126,0,0,190,0,0.4,1,0,3,Heart Attack
824,56.0,1,2,94,326,0,1,210,1,1.2,2,1,3,Heart Attack
825,75.0,0,1,130,126,0,0,192,0,1.2,2,0,2,Heart Attack
826,46.0,1,0,140,162,0,0,182,1,0.3,2,0,2,Heart Attack
827,76.0,0,2,122,172,0,1,183,0,1.1,1,0,2,Heart Attack
828,45.0,1,1,135,138,0,0,150,0,1.3,1,0,2,Heart Attack
829,56.0,1,2,125,172,1,0,187,0,3.1,1,0,2,Heart Attack
830,75.0,0,1,140,128,0,1,138,1,1.2,2,0,2,Heart Attack
831,46.0,0,1,128,183,1,1,139,0,1.3,2,0,2,Heart Attack
832,45.0,1,2,105,193,0,0,128,1,0.6,1,0,3,Heart Attack
833,56.0,1,2,112,123,0,1,129,0,0.0,2,0,2,Heart Attack
834,47.0,1,1,128,183,0,0,120,0,0.0,2,0,2,Heart Attack
835,66.0,0,2,102,132,0,1,109,0,1.3,2,1,2,Heart Attack
836,46.0,1,3,152,183,1,1,187,0,1.2,1,0,3,Heart Attack
837,54.0,0,0,102,193,0,0,193,0,1.3,1,0,2,Heart Attack
838,45.0,0,2,115,184,0,0,98,0,1.6,1,0,3,Heart Attack
839,45.0,1,2,118,190,0,1,104,0,1.2,2,1,3,Heart Attack
840,54.0,0,1,101,199,1,1,176,0,1.3,2,0,3,Heart Attack
841,45.0,0,2,110,183,0,1,119,0,2.6,1,0,2,Heart Attack
842,55.0,1,0,100,129,0,0,150,0,1.3,1,0,2,Heart Attack
843,64.0,0,2,124,391,1,1,199,0,1.4,2,2,2,Heart Attack
844,56.0,0,0,132,128,0,1,100,1,1.3,2,0,3,Heart Attack
845,76.0,1,2,138,271,0,1,193,0,1.3,2,4,2,Heart Attack
846,56.0,0,1,132,271,1,0,120,1,1.3,2,1,2,Heart Attack
847,54.0,1,1,112,172,0,1,130,0,3.1,1,0,2,Heart Attack
848,56.0,0,0,142,172,0,0,147,1,1.9,2,0,3,Heart Attack
849,64.0,0,0,145,173,0,1,183,0,0.9,1,0,2,Heart Attack
850,35.0,1,0,108,233,1,0,139,0,1.3,2,3,3,Heart Attack
851,44.0,1,2,130,315,0,1,193,0,1.9,2,1,2,Heart Attack
852,36.0,0,2,130,246,1,1,192,0,1.1,2,3,2,Heart Attack
853,68.0,1,3,148,244,0,1,129,0,2.6,2,2,2,Heart Attack
854,64.0,0,3,178,270,0,1,150,0,2.8,0,0,3,Heart Attack
855,46.0,0,1,140,177,0,1,181,0,1.7,2,2,2,Heart Attack
856,49.0,1,2,120,172,1,1,180,0,1.6,0,0,3,Heart Attack
857,60.0,0,2,129,181,0,1,129,0,1.1,2,0,2,Heart Attack
858,57.0,0,2,120,271,0,0,120,0,0.5,1,0,2,Heart Attack
859,58.0,1,3,160,173,1,0,130,0,0.1,1,1,2,Heart Attack
860,53.0,0,0,138,137,0,0,131,1,3.1,1,0,2,Heart Attack
861,69.0,0,1,120,173,0,1,192,0,0.1,2,0,2,Heart Attack
862,43.0,0,0,110,163,0,0,120,0,0.0,2,0,2,Heart Attack
863,34.0,1,0,180,281,0,1,150,1,1.0,2,0,2,Heart Attack
864,55.0,0,2,150,271,1,1,150,0,1.4,2,1,3,Heart Attack
865,45.0,1,2,140,281,0,1,98,0,1.7,2,0,3,Heart Attack
866,,1,0,110,127,0,1,78,0,1.1,2,0,3,Heart Attack
867,45.0,1,1,130,128,0,1,119,0,0.0,2,0,2,Heart Attack
868,66.0,1,2,120,182,0,1,111,0,2.1,2,0,2,Heart Attack
869,45.0,1,2,130,172,0,0,120,0,2.0,1,0,2,Heart Attack
870,29.0,1,3,120,183,0,0,120,0,1.3,1,0,3,Heart Attack
871,40.0,0,1,105,183,0,1,132,0,0.0,2,0,2,Heart Attack
872,55.0,0,0,138,271,0,0,199,1,1.2,1,0,2,Heart Attack
873,59.0,0,0,130,303,0,1,231,0,1.3,1,2,2,Heart Attack
874,45.0,1,0,138,172,0,0,192,0,0.0,2,0,2,Heart Attack
875,65.0,0,2,112,271,0,0,110,1,2.1,2,0,2,Heart Attack
876,47.0,0,2,108,172,0,0,129,0,1.3,2,0,2,Heart Attack
877,69.0,1,2,94,281,0,1,210,0,1.9,2,0,2,Heart Attack
878,34.0,1,1,118,182,0,1,118,0,0.1,2,0,2,Heart Attack
879,54.0,0,0,112,281,0,0,128,0,1.2,2,0,2,Heart Attack
880,57.0,0,2,152,289,0,1,129,0,0.9,2,1,2,Heart Attack
881,45.0,1,2,136,271,0,0,112,0,1.1,1,0,2,Heart Attack
882,54.0,1,1,120,283,0,0,118,1,2.3,2,1,2,Heart Attack
883,45.0,1,2,160,178,0,1,150,0,3.1,2,1,2,Heart Attack
884,65.0,0,1,134,222,0,1,117,0,1.2,1,0,2,Heart Attack
885,45.0,1,1,120,118,0,1,197,0,1.3,2,0,2,Heart Attack
886,77.0,1,1,110,182,0,1,117,0,1.9,2,0,2,Heart Attack
887,56.0,0,1,126,183,0,1,129,0,1.1,2,0,2,Heart Attack
888,37.0,0,0,130,189,0,1,150,0,1.6,2,0,2,Heart Attack
889,56.0,1,2,120,182,1,1,181,0,1.7,2,0,2,Heart Attack
890,61.0,1,1,128,192,1,0,171,0,3.0,2,0,2,Heart Attack
891,63.0,1,0,110,291,0,1,150,1,2.1,1,0,1,Heart Attack
892,54.0,0,0,128,218,0,1,150,1,1.3,1,1,3,Heart Attack
893,37.0,0,2,120,271,0,0,111,0,0.6,2,0,2,Heart Attack
894,56.0,1,0,115,283,0,1,129,0,1.3,1,0,2,Heart Attack
895,65.0,0,2,120,218,0,1,119,0,1.1,1,0,2,Heart Attack
896,66.0,0,0,106,192,0,1,199,0,1.4,2,2,2,Heart Attack
897,45.0,0,2,140,119,0,2,118,0,1.1,1,0,2,Heart Attack
898,56.0,1,1,156,182,0,0,191,0,0.5,2,0,2,Heart Attack
899,44.0,0,2,118,189,0,1,129,0,0.3,1,1,2,Heart Attack
900,45.0,0,3,150,281,0,1,191,0,1.3,2,0,2,Heart Attack
901,32.0,1,2,120,182,0,1,199,0,0.0,2,0,2,Heart Attack
902,67.0,0,2,130,180,0,1,192,0,0.0,2,0,2,Heart Attack
903,44.0,0,0,160,200,0,0,178,0,1.0,2,0,1,Heart Attack
904,48.0,0,0,112,273,0,1,139,0,1.3,1,0,2,Heart Attack
905,52.0,1,3,170,120,0,0,199,0,1.9,1,0,3,Heart Attack
906,63.0,1,2,146,121,0,1,178,0,1.8,1,1,2,Heart Attack
907,74.0,0,2,138,193,0,1,192,0,0.0,1,0,2,Heart Attack
908,56.0,1,0,130,293,0,1,129,0,0.6,1,0,2,Heart Attack
909,73.0,1,2,130,293,0,1,182,0,3.4,2,0,2,Heart Attack
910,43.0,0,1,122,183,0,1,181,0,2.8,2,0,2,Heart Attack
911,67.0,0,1,125,395,0,1,191,0,2.1,1,4,3,Heart Attack
912,76.0,1,1,130,183,0,0,167,0,2.3,2,0,3,Heart Attack
913,45.0,0,1,120,240,0,1,155,0,2.0,0,0,2,Heart Attack
914,29.0,0,1,132,342,0,1,181,0,1.3,2,0,2,Heart Attack
915,32.0,1,1,120,157,0,1,150,0,1.7,2,0,2,Heart Attack
916,75.0,0,2,138,175,0,1,182,0,1.3,2,4,2,Heart Attack
917,56.0,1,2,138,175,0,1,199,0,0.0,2,4,2,Heart Attack
918,67.0,0,0,160,286,0,0,139,1,1.2,1,3,2,No Heart Attack
919,67.0,0,0,120,229,0,0,121,1,1.1,1,2,3,No Heart Attack
920,43.0,1,0,140,268,0,0,150,0,3.6,0,2,2,No Heart Attack
921,54.0,1,0,130,364,0,0,192,0,1.3,1,1,3,No Heart Attack
922,46.0,1,0,140,273,1,1,123,1,3.1,0,0,3,No Heart Attack
923,42.0,1,2,130,183,1,1,135,1,1.3,1,1,1,No Heart Attack
924,56.0,0,1,110,184,0,1,134,0,1.0,0,0,3,No Heart Attack
925,43.0,1,1,120,29,0,0,150,0,1.9,1,0,2,No Heart Attack
926,54.0,1,2,132,139,0,0,124,0,3.2,2,2,3,No Heart Attack
927,34.0,0,0,130,146,0,0,138,1,2.1,1,2,3,No Heart Attack
928,63.0,1,0,110,174,0,0,181,1,2.0,1,0,3,No Heart Attack
929,75.0,1,0,117,164,1,1,129,1,2.8,2,2,3,No Heart Attack
930,45.0,0,2,140,382,0,1,129,0,1.3,2,0,2,No Heart Attack
931,58.0,1,0,120,284,0,0,177,1,2.1,1,0,3,No Heart Attack
932,62.0,0,0,150,284,0,0,129,1,1.8,1,1,1,No Heart Attack
933,65.0,0,0,132,353,0,1,119,1,1.3,1,1,3,No Heart Attack
934,39.0,1,0,150,225,0,0,100,0,0.8,1,3,3,No Heart Attack
935,34.0,0,0,130,330,0,0,199,0,1.3,2,0,2,No Heart Attack
936,67.0,1,2,112,230,0,0,89,0,1.4,1,1,3,No Heart Attack
937,45.0,0,0,150,383,0,0,82,0,1.2,1,0,3,No Heart Attack
938,57.0,1,0,112,382,0,0,129,0,0.0,2,1,2,No Heart Attack
939,66.0,1,0,130,172,0,1,102,1,1.4,2,1,3,No Heart Attack
940,46.0,0,0,124,384,0,0,103,1,1.9,1,1,3,No Heart Attack
941,45.0,0,2,140,245,0,1,128,0,0.0,1,1,3,No Heart Attack
942,38.0,1,0,110,233,0,0,129,0,1.0,2,0,3,No Heart Attack
943,34.0,0,0,130,183,0,1,139,1,1.2,1,0,3,No Heart Attack
944,65.0,1,0,128,216,0,0,176,1,2.7,1,3,3,No Heart Attack
945,64.0,1,0,120,201,0,1,168,0,1.3,1,1,3,No Heart Attack
946,29.0,1,0,145,392,0,0,129,1,1.9,1,2,3,No Heart Attack
947,45.0,1,2,140,183,0,0,129,0,1.3,1,0,2,No Heart Attack
948,54.0,0,0,170,283,0,0,199,1,1.1,0,0,3,No Heart Attack
949,67.0,1,2,150,173,0,1,121,0,0.4,1,0,2,No Heart Attack
950,65.0,1,0,125,254,1,1,123,0,0.9,1,2,3,No Heart Attack
951,62.0,0,0,120,267,0,1,145,1,1.8,1,2,3,No Heart Attack
952,46.0,1,0,110,248,0,0,123,0,1.5,2,2,1,No Heart Attack
953,65.0,1,0,110,197,0,0,145,0,1.4,2,1,2,No Heart Attack
954,45.0,1,0,125,258,0,0,168,1,2.1,1,1,3,No Heart Attack
955,44.0,0,0,150,172,0,0,185,1,0.8,2,0,3,No Heart Attack
956,68.0,0,2,180,274,1,0,150,1,1.1,1,0,3,No Heart Attack
957,54.0,1,0,160,183,0,0,150,0,1.3,0,3,3,No Heart Attack
958,33.0,1,0,128,281,0,1,134,1,1.1,2,1,3,No Heart Attack
959,45.0,1,0,110,382,0,0,199,1,1.2,1,1,3,No Heart Attack
960,34.0,0,0,150,258,0,0,150,0,1.9,1,2,3,No Heart Attack
961,53.0,1,2,120,188,0,1,150,0,2.1,1,3,3,No Heart Attack
962,54.0,0,0,140,183,0,1,145,1,2.1,2,1,3,No Heart Attack
963,56.0,1,2,128,229,0,0,154,0,1.9,1,1,3,No Heart Attack
964,53.0,0,0,120,260,0,1,199,1,0.7,1,1,3,No Heart Attack
965,34.0,1,0,118,182,0,1,191,0,1.2,1,0,3,No Heart Attack
966,78.0,1,0,145,137,0,0,129,1,1.8,1,0,3,No Heart Attack
967,34.0,1,0,125,183,1,0,193,1,1.2,1,1,2,No Heart Attack
968,35.0,0,0,132,341,1,0,120,1,3.0,1,0,3,No Heart Attack
969,65.0,0,2,130,263,0,1,110,0,1.2,1,1,3,No Heart Attack
970,75.0,1,0,130,183,1,0,129,1,1.8,2,3,3,No Heart Attack
971,45.0,1,0,135,128,0,0,190,0,1.9,1,1,3,No Heart Attack
972,74.0,0,0,130,256,1,0,120,1,1.7,2,2,3,No Heart Attack
973,53.0,0,0,150,407,0,1,98,0,3.2,1,3,3,No Heart Attack
974,49.0,1,0,140,217,0,1,122,1,2.5,0,0,3,No Heart Attack
975,29.0,0,3,138,283,1,0,150,0,2.1,1,1,2,No Heart Attack
976,79.0,0,0,200,172,1,0,199,1,4.0,0,2,3,No Heart Attack
977,69.0,1,0,110,172,0,1,150,1,2.0,1,1,3,No Heart Attack
978,58.0,0,0,145,192,0,1,132,1,1.7,0,0,3,No Heart Attack
979,48.0,0,1,120,129,0,0,111,0,1.4,1,1,3,No Heart Attack
980,49.0,1,0,120,198,0,1,105,1,1.9,1,0,3,No Heart Attack
981,54.0,1,3,170,288,0,0,193,0,1.3,1,0,3,No Heart Attack
982,43.0,1,2,125,309,0,1,192,1,1.8,1,0,3,No Heart Attack
983,35.0,1,2,108,243,0,1,190,0,2.3,2,0,2,No Heart Attack
984,65.0,0,0,165,273,1,0,150,0,1.0,1,3,3,No Heart Attack
985,,1,0,160,172,0,0,89,1,0.8,1,1,3,No Heart Attack
986,35.0,0,0,120,128,0,0,150,1,1.1,0,1,2,No Heart Attack
987,43.0,0,0,130,283,0,0,98,0,0.0,1,3,2,No Heart Attack
988,30.0,1,0,140,192,0,1,150,1,0.3,2,0,3,No Heart Attack
989,65.0,0,0,125,190,0,0,190,0,0.6,2,2,3,No Heart Attack
990,50.0,0,0,140,293,0,0,81,0,0.9,1,2,3,No Heart Attack
991,43.0,1,0,125,304,0,0,182,1,1.2,2,3,2,No Heart Attack
992,29.0,1,0,126,201,0,0,199,1,1.0,2,0,3,No Heart Attack
993,46.0,0,2,160,278,1,1,100,1,2.9,1,1,3,No Heart Attack
994,39.0,1,0,174,263,0,1,98,1,1.2,1,0,2,No Heart Attack
995,67.0,0,0,189,128,0,0,190,0,1.9,1,0,3,No Heart Attack
996,74.0,0,0,130,256,0,0,111,1,1.7,2,2,3,No Heart Attack
997,56.0,1,0,195,407,0,0,98,1,2.1,2,0,2,Heart Attack
998,72.0,1,3,145,233,1,0,101,0,0.0,0,0,1,Heart Attack
999,29.0,1,2,130,250,0,1,176,0,0.4,0,0,2,Heart Attack
1000,45.0,1,1,130,204,0,0,178,0,0.3,2,0,2,Heart Attack
1001,63.0,0,1,120,236,0,1,165,0,2.1,2,0,2,Heart Attack
1002,39.0,0,0,120,354,0,1,145,1,3.4,2,0,2,Heart Attack
1003,37.0,0,0,140,192,0,1,127,0,1.7,1,0,1,Heart Attack
1004,73.0,0,1,140,294,0,0,172,0,1.4,1,0,2,Heart Attack
1005,56.0,1,1,120,263,0,1,128,0,1.7,2,0,3,Heart Attack
1006,45.0,0,2,172,199,1,1,191,0,1.3,2,0,3,Heart Attack
1007,39.0,1,2,150,168,0,1,129,0,2.1,2,0,2,Heart Attack
1008,71.0,1,0,140,239,0,1,198,0,2.0,2,0,2,Heart Attack
1009,34.0,1,2,130,275,0,1,100,0,0.8,2,0,2,Heart Attack
1010,59.0,1,1,130,266,0,1,200,0,4.5,2,0,2,Heart Attack
1011,30.0,0,3,110,211,0,0,201,1,3.2,1,0,2,Heart Attack
1012,53.0,0,3,150,283,1,0,176,0,1.4,2,0,2,Heart Attack
1013,38.0,0,2,120,219,0,1,127,0,2.1,1,0,2,Heart Attack
1014,58.0,1,2,120,340,0,1,161,0,2.6,2,0,2,Heart Attack
1015,77.0,0,3,150,226,0,1,128,0,0.9,0,0,2,Heart Attack
1016,37.0,0,0,150,247,0,1,161,0,2.4,2,0,2,Heart Attack
1017,66.0,0,3,140,239,0,1,156,0,0.0,2,2,2,Heart Attack
1018,45.0,1,0,135,234,0,1,178,0,1.5,1,0,3,Heart Attack
1019,32.0,0,2,130,233,0,1,176,1,1.7,2,0,2,Heart Attack
1020,68.0,1,0,140,226,0,1,157,0,3.2,2,0,2,Heart Attack
1021,63.0,1,2,150,243,1,1,138,1,1.3,1,0,2,Heart Attack
1022,29.0,1,3,140,199,0,1,129,1,2.1,2,0,3,Heart Attack
1023,38.0,0,1,160,302,0,1,128,0,0.4,2,2,2,Heart Attack
1024,47.0,0,2,150,212,1,1,154,0,0.0,2,0,2,Heart Attack
1025,73.0,1,2,110,175,0,1,181,0,0.6,2,0,2,Heart Attack
1026,29.0,1,2,140,417,1,0,183,0,0.4,2,1,2,Heart Attack
1027,76.0,0,2,130,197,1,0,183,1,1.2,0,0,2,Heart Attack
1028,57.0,0,1,105,198,0,1,193,1,0.0,2,1,2,Heart Attack
1029,62.0,1,0,120,177,0,1,129,0,1.9,2,0,3,Heart Attack
1030,37.0,0,1,130,219,0,0,186,0,0.0,2,0,2,Heart Attack
1031,58.0,1,2,125,273,0,0,128,0,2.1,0,1,2,Heart Attack
1032,37.0,0,3,125,213,0,0,172,1,2.7,2,1,2,Heart Attack
1033,43.0,1,2,142,177,0,0,128,1,1.4,0,0,2,Heart Attack
1034,47.0,0,2,135,304,1,1,182,0,2.8,2,0,2,Heart Attack
1035,69.0,0,2,150,232,0,0,182,0,2.1,2,0,3,Heart Attack
1036,70.0,0,2,155,269,0,1,173,0,1.8,2,0,2,Heart Attack
1037,40.0,0,2,160,360,0,0,128,0,1.4,2,0,2,Heart Attack
1038,45.0,1,2,140,308,0,0,149,0,0.9,2,1,2,Heart Attack
1039,43.0,1,1,130,245,0,0,163,0,1.0,1,0,2,Heart Attack
1040,29.0,0,0,104,208,0,0,157,1,2.1,1,0,2,Heart Attack
1041,49.0,0,0,130,264,0,0,184,0,1.8,1,0,2,Heart Attack
1042,60.0,1,2,140,321,0,0,128,0,2.4,2,0,2,Heart Attack
1043,62.0,1,1,120,325,0,1,126,0,2.6,2,0,2,Heart Attack
1044,71.0,1,2,140,235,0,0,143,0,2.9,2,0,2,Heart Attack
1045,39.0,0,2,138,257,0,0,127,0,1.0,2,0,2,Heart Attack
1046,33.0,0,2,128,216,0,0,78,0,1.0,2,0,0,Heart Attack
1047,29.0,1,0,138,234,0,0,173,0,2.5,2,0,2,Heart Attack
1048,45.0,0,2,130,256,0,0,98,0,2.1,2,0,2,Heart Attack
1049,63.0,0,0,120,302,0,0,123,0,1.5,1,0,2,Heart Attack
1050,29.0,1,2,130,231,0,1,188,0,2.4,1,3,3,Heart Attack
1051,45.0,1,2,108,141,0,1,121,0,3.6,1,0,2,Heart Attack
1052,43.0,0,2,135,252,0,0,187,0,2.1,2,0,2,Heart Attack
1053,57.0,0,1,134,201,0,1,156,0,1.2,2,1,2,Heart Attack
1054,29.0,1,0,122,222,0,0,165,0,1.1,2,0,2,Heart Attack
1055,45.0,0,0,115,260,0,0,161,0,0.0,2,0,2,Heart Attack
1056,34.0,1,3,118,182,0,0,128,0,1.0,2,0,2,Heart Attack
1057,57.0,0,0,128,303,0,0,176,0,2.1,2,1,2,Heart Attack
1058,71.0,1,2,110,265,1,0,132,0,1.9,2,1,2,Heart Attack
1059,54.0,1,1,108,309,0,1,174,0,1.7,2,0,3,Heart Attack
1060,37.0,0,3,118,186,0,0,190,0,1.5,1,0,1,Heart Attack
1061,65.0,1,1,135,203,0,1,132,0,2.4,1,0,1,Heart Attack
1062,48.0,0,2,140,211,1,0,165,0,2.1,2,0,2,Heart Attack
1063,54.0,0,0,138,183,0,1,171,0,2.3,2,0,2,Heart Attack
1064,74.0,0,2,100,222,0,1,167,1,2.1,1,0,2,Heart Attack
1065,32.0,1,1,130,234,0,0,171,0,1.4,1,0,2,Heart Attack
1066,29.0,1,1,120,220,0,1,187,0,1.6,2,0,2,Heart Attack
1067,81.0,1,0,124,209,0,1,167,0,1.8,2,0,2,Heart Attack
1068,71.0,0,2,120,258,0,0,165,0,3.2,1,0,3,Heart Attack
1069,78.0,0,2,94,227,0,1,145,1,2.6,2,1,3,Heart Attack
1070,29.0,1,1,130,204,0,0,198,0,2.8,2,0,2,Heart Attack
1071,51.0,0,0,140,261,0,0,98,1,3.9,2,0,2,Heart Attack
1072,43.0,0,2,122,213,0,1,178,0,3.2,1,0,2,Heart Attack
1073,76.0,0,1,135,250,0,0,100,0,2.1,1,0,2,Heart Attack
1074,49.0,1,2,125,245,1,0,174,0,1.5,1,0,2,Heart Attack
1075,63.0,1,1,140,221,0,1,156,1,1.1,2,0,2,Heart Attack
1076,49.0,1,1,128,205,1,1,157,0,1.4,2,0,2,Heart Attack
1077,71.0,0,2,105,240,0,0,187,1,1.6,1,0,3,Heart Attack
1078,39.0,1,2,112,250,0,1,167,0,2.3,2,0,2,Heart Attack
1079,84.0,0,1,128,308,0,0,187,0,0.0,2,0,2,Heart Attack
1080,29.0,0,2,102,318,0,1,146,0,1.6,2,1,2,Heart Attack
1081,52.0,1,3,152,298,1,1,130,0,1.2,1,0,3,Heart Attack
1082,42.0,0,0,102,265,0,0,189,0,1.1,1,0,2,Heart Attack
1083,67.0,1,2,115,564,0,0,175,0,1.2,1,0,3,Heart Attack
1084,68.0,1,2,118,277,0,1,162,0,1.5,2,1,3,Heart Attack
1085,46.0,0,1,101,197,1,1,176,0,1.8,2,0,3,Heart Attack
1086,46.0,0,2,110,214,0,1,167,0,1.0,1,0,2,Heart Attack
1087,76.0,1,0,100,248,0,0,172,0,0.0,1,0,2,Heart Attack
1088,56.0,1,2,124,255,1,1,167,0,0.0,2,2,2,Heart Attack
1089,66.0,0,0,132,207,0,1,198,1,3.2,2,0,3,Heart Attack
1090,34.0,1,2,138,223,0,1,178,0,0.0,2,4,2,Heart Attack
1091,78.0,0,1,132,288,1,0,165,1,0.0,2,1,2,Heart Attack
1092,76.0,1,1,112,160,0,1,167,0,1.3,1,0,2,Heart Attack
1093,46.0,0,0,142,226,0,0,167,1,2.4,2,0,3,Heart Attack
1094,53.0,1,0,140,394,0,0,167,0,1.2,1,0,2,Heart Attack
1095,57.0,0,0,108,233,1,1,176,0,2.5,2,3,3,Heart Attack
1096,29.0,1,2,130,315,0,1,145,0,1.2,2,1,2,Heart Attack
1097,45.0,0,2,130,246,1,1,173,0,1.6,2,3,2,Heart Attack
1098,56.0,1,3,148,244,0,0,178,0,1.8,2,2,2,Heart Attack
1099,76.0,0,3,178,270,0,0,145,0,0.4,0,0,3,Heart Attack
1100,45.0,0,1,140,195,0,1,187,0,0.0,2,2,2,Heart Attack
1101,34.0,1,2,120,240,1,1,178,0,1.9,0,0,3,Heart Attack
1102,48.0,0,2,129,196,0,1,176,0,2.5,2,0,2,Heart Attack
1103,,0,2,120,211,0,0,167,0,2.7,1,0,2,Heart Attack
1104,69.0,1,3,160,234,1,0,187,0,1.6,1,1,2,Heart Attack
1105,45.0,1,0,138,236,0,0,156,1,1.9,1,0,2,Heart Attack
1106,50.0,0,1,120,244,0,1,152,0,1.3,2,0,2,Heart Attack
1107,50.0,1,0,110,254,0,0,159,0,2.1,2,0,2,Heart Attack
1108,64.0,0,0,180,325,0,1,154,1,1.5,2,0,2,Heart Attack
1109,34.0,0,2,150,126,1,1,173,0,1.7,2,1,3,Heart Attack
1110,43.0,0,2,140,313,0,1,133,0,1.2,2,0,3,Heart Attack
1111,56.0,1,0,110,211,0,1,161,0,1.1,2,0,3,Heart Attack
1112,65.0,0,1,130,262,0,1,167,0,0.0,2,0,2,Heart Attack
1113,47.0,1,2,120,215,0,1,187,0,1.0,2,0,2,Heart Attack
1114,76.0,0,2,130,214,0,0,167,0,1.6,1,0,2,Heart Attack
1115,37.0,1,3,120,193,0,0,187,0,1.8,1,0,3,Heart Attack
1116,57.0,0,1,105,204,0,1,145,0,1.9,2,0,2,Heart Attack
1117,29.0,0,0,138,243,0,0,165,1,3.0,1,0,2,Heart Attack
1118,48.0,1,0,130,303,0,1,142,0,1.3,1,2,2,Heart Attack
1119,46.0,0,0,138,271,0,0,174,0,2.9,2,0,2,Heart Attack
1120,54.0,0,2,112,268,0,0,147,1,2.5,2,0,2,Heart Attack
1121,38.0,1,2,108,267,0,0,145,0,1.4,2,0,2,Heart Attack
1122,39.0,0,2,94,199,0,1,179,0,1.2,2,0,2,Heart Attack
1123,34.0,1,1,118,210,0,1,192,0,1.4,2,0,2,Heart Attack
1124,47.0,1,0,112,204,0,1,143,0,1.1,2,0,2,Heart Attack
1125,67.0,1,2,152,277,0,1,176,0,1.5,2,1,2,Heart Attack
1126,52.0,0,2,136,196,0,0,145,0,1.6,1,0,2,Heart Attack
1127,74.0,1,1,120,269,0,0,121,1,1.3,2,1,2,Heart Attack
1128,46.0,0,2,160,201,0,1,119,0,1.0,2,1,2,Heart Attack
1129,41.0,1,1,134,271,0,1,115,0,0.0,1,0,2,Heart Attack
1130,71.0,1,1,120,295,0,1,154,0,1.9,2,0,2,Heart Attack
1131,41.0,0,1,110,235,0,1,89,0,0.4,2,0,2,Heart Attack
1132,41.0,0,1,126,306,0,1,197,0,1.4,2,0,2,Heart Attack
1133,49.0,1,0,130,269,0,1,200,0,0.5,2,0,2,Heart Attack
1134,60.0,0,2,120,178,1,1,96,0,1.7,2,0,2,Heart Attack
1135,62.0,1,1,128,208,1,0,171,0,0.3,2,0,2,Heart Attack
1136,57.0,1,0,110,201,0,1,126,1,3.2,1,0,1,Heart Attack
1137,37.0,0,0,128,263,0,1,105,1,1.4,1,1,3,Heart Attack
1138,48.0,0,2,120,295,0,0,157,0,0.0,2,0,2,Heart Attack
1139,79.0,1,0,115,303,0,1,98,0,1.9,1,0,2,Heart Attack
1140,74.0,0,2,120,209,0,1,79,0,1.3,1,0,2,Heart Attack
1141,66.0,1,0,106,223,0,1,176,0,0.3,2,2,2,Heart Attack
1142,33.0,0,2,140,197,0,2,88,0,1.1,1,0,2,Heart Attack
1143,34.0,1,1,156,245,0,0,165,0,0.0,2,0,2,Heart Attack
1144,37.0,1,2,118,242,0,1,145,0,1.1,1,1,2,Heart Attack
1145,54.0,0,3,150,240,0,1,187,0,0.9,2,0,2,Heart Attack
1146,48.0,0,2,120,226,0,1,200,0,0.0,2,0,2,Heart Attack
1147,67.0,1,2,130,180,0,1,111,0,1.6,2,0,2,Heart Attack
1148,65.0,0,0,160,228,0,0,172,0,2.3,2,0,1,Heart Attack
1149,55.0,0,0,112,149,0,1,121,0,1.6,1,0,2,Heart Attack
1150,50.0,0,3,170,227,0,0,112,0,1.3,1,0,3,Heart Attack
1151,39.0,0,2,146,278,0,0,188,0,0.7,1,1,2,Heart Attack
1152,37.0,1,2,138,220,0,1,167,0,1.3,1,0,2,Heart Attack
1153,48.0,0,0,130,197,0,1,156,0,2.5,1,0,2,Heart Attack
1154,54.0,1,2,130,253,0,1,112,0,2.9,2,0,2,Heart Attack
1155,58.0,0,1,122,192,0,1,119,0,2.0,2,0,2,Heart Attack
1156,59.0,1,1,125,220,0,1,171,0,1.1,1,4,3,Heart Attack
1157,56.0,0,1,130,221,0,0,116,0,1.0,2,0,3,Heart Attack
1158,56.0,1,1,120,240,0,1,101,0,1.4,0,0,2,Heart Attack
1159,55.0,0,1,132,342,0,1,106,0,1.6,2,0,2,Heart Attack
1160,41.0,0,1,120,157,0,1,187,0,1.2,2,0,2,Heart Attack
1161,38.0,1,2,138,175,0,1,167,0,1.9,2,4,2,Heart Attack
1162,58.0,1,2,138,175,0,1,156,0,0.2,2,4,2,Heart Attack
1163,65.0,0,0,160,286,0,0,165,1,0.9,1,3,2,No Heart Attack
1164,56.0,1,0,120,229,0,0,118,1,0.4,1,2,3,No Heart Attack
1165,74.0,0,0,140,268,0,0,176,0,1.5,0,2,2,No Heart Attack
1166,47.0,1,0,130,254,0,0,151,0,1.8,1,1,3,No Heart Attack
1167,83.0,0,0,140,203,1,0,156,1,3.6,0,0,3,No Heart Attack
1168,37.0,1,2,130,256,1,0,178,1,0.2,1,1,1,No Heart Attack
1169,57.0,0,1,110,229,0,1,164,0,3.6,0,0,3,No Heart Attack
1170,53.0,1,1,120,284,0,0,137,0,1.4,1,0,2,No Heart Attack
1171,58.0,0,2,132,224,0,0,146,0,2.6,2,2,3,No Heart Attack
1172,60.0,1,0,130,206,0,0,153,1,2.4,1,2,3,No Heart Attack
1173,40.0,0,0,110,167,0,0,127,1,2.0,1,0,3,No Heart Attack
1174,71.0,1,0,117,230,1,1,128,1,1.4,2,2,3,No Heart Attack
1175,29.0,0,2,140,335,0,1,165,0,0.0,2,0,2,No Heart Attack
1176,,0,0,120,177,0,0,154,1,2.5,1,0,3,No Heart Attack
1177,54.0,0,0,150,276,0,0,188,1,1.1,1,1,1,No Heart Attack
1178,48.0,1,0,132,353,0,1,98,1,1.4,1,1,3,No Heart Attack
1179,70.0,1,0,150,225,0,0,167,0,1.9,1,3,3,No Heart Attack
1180,50.0,1,0,130,330,0,0,175,0,3.7,2,0,2,No Heart Attack
1181,54.0,0,2,112,230,0,0,158,0,3.2,1,1,3,No Heart Attack
1182,66.0,0,0,150,243,0,0,174,0,2.1,1,0,3,No Heart Attack
1183,44.0,1,0,112,290,0,0,137,0,1.8,2,1,2,No Heart Attack
1184,60.0,1,0,130,253,0,1,133,1,1.4,2,1,3,No Heart Attack
1185,54.0,0,0,124,266,0,0,127,1,3.2,1,1,3,No Heart Attack
1186,50.0,1,2,140,233,0,1,120,0,1.5,1,1,3,No Heart Attack
1187,41.0,0,0,110,172,0,0,189,0,2.8,2,0,3,No Heart Attack
1188,51.0,1,0,130,305,0,1,198,1,1.2,1,0,3,No Heart Attack
1189,77.0,1,0,128,216,0,0,118,1,1.4,1,3,3,No Heart Attack
1190,72.0,0,0,120,188,0,1,174,0,1.3,1,1,3,No Heart Attack
1191,38.0,1,0,145,282,0,0,110,1,1.9,1,2,3,No Heart Attack
1192,73.0,0,2,140,185,0,0,111,0,2.3,1,0,2,No Heart Attack
1193,78.0,0,0,170,326,0,0,117,1,3.8,0,0,3,No Heart Attack
1194,46.0,0,2,150,231,0,1,165,0,2.2,1,0,2,No Heart Attack
1195,67.0,1,0,125,254,1,1,157,0,1.8,1,2,3,No Heart Attack
1196,62.0,1,0,120,267,0,1,187,1,0.9,1,2,3,No Heart Attack
1197,46.0,0,0,110,248,0,0,158,0,1.8,2,2,1,No Heart Attack
1198,36.0,1,0,110,197,0,0,177,0,1.4,2,1,2,No Heart Attack
1199,64.0,0,0,125,258,0,0,99,1,1.7,1,1,3,No Heart Attack
1200,37.0,1,0,150,270,0,0,100,0,1.3,2,0,3,No Heart Attack
1201,68.0,0,2,180,274,1,0,198,1,1.1,1,0,3,No Heart Attack
1202,76.0,1,0,160,164,0,0,167,0,1.9,0,3,3,No Heart Attack
1203,44.0,1,0,128,255,0,1,161,1,3.0,2,1,3,No Heart Attack
1204,34.0,0,0,110,239,0,0,142,1,2.1,1,1,3,No Heart Attack
1205,38.0,1,0,150,258,0,0,157,0,2.6,1,2,3,No Heart Attack
1206,44.0,0,2,120,188,0,1,167,0,3.2,1,3,3,No Heart Attack
1207,33.0,1,0,140,177,0,1,162,1,2.5,2,1,3,No Heart Attack
1208,38.0,1,2,128,229,0,0,112,0,1.1,1,1,3,No Heart Attack
1209,76.0,1,0,120,260,0,1,134,1,1.0,1,1,3,No Heart Attack
1210,56.0,0,0,118,219,0,1,156,0,0.9,1,0,3,No Heart Attack
1211,37.0,0,0,145,307,0,0,146,1,0.4,1,0,3,No Heart Attack
1212,44.0,1,0,125,249,1,0,144,1,1.2,1,1,2,No Heart Attack
1213,47.0,1,0,132,341,1,0,181,1,3.0,1,0,3,No Heart Attack
1214,55.0,0,2,130,263,0,1,117,0,1.2,1,1,3,No Heart Attack
1215,45.0,1,0,130,330,1,0,171,1,1.1,2,3,3,No Heart Attack
1216,74.0,1,0,135,254,0,0,127,0,1.5,1,1,3,No Heart Attack
1217,37.0,0,0,130,256,1,1,150,1,1.8,2,2,3,No Heart Attack
1218,33.0,0,0,150,407,0,0,118,0,1.9,1,3,3,No Heart Attack
1219,29.0,1,0,140,217,0,1,111,1,1.4,0,0,3,No Heart Attack
1220,40.0,1,3,138,282,1,0,119,0,1.5,1,1,2,No Heart Attack
1221,44.0,0,0,200,288,1,0,191,1,2.0,0,2,3,No Heart Attack
1222,34.0,1,0,110,239,0,1,200,1,1.9,1,1,3,No Heart Attack
1223,55.0,1,0,145,174,0,1,202,1,1.3,0,0,3,No Heart Attack
1224,37.0,1,1,120,281,0,0,119,0,0.3,1,1,3,No Heart Attack
1225,73.0,1,0,120,198,0,1,93,1,0.9,1,0,3,No Heart Attack
1226,39.0,0,3,170,288,0,0,90,0,1.6,1,0,3,No Heart Attack
1227,43.0,0,2,125,309,0,1,80,1,0.6,1,0,3,No Heart Attack
1228,29.0,1,2,108,243,0,1,171,0,0.7,2,0,2,No Heart Attack
1229,40.0,0,0,165,289,1,0,156,0,1.3,1,3,3,No Heart Attack
1230,55.0,1,0,160,289,0,0,142,1,0.8,1,1,3,No Heart Attack
1231,64.0,0,0,120,246,0,0,156,1,2.4,0,1,2,No Heart Attack
1232,70.0,1,0,130,322,0,0,178,0,2.3,1,3,2,No Heart Attack
1233,51.0,0,0,140,299,0,1,154,1,2.4,2,0,3,No Heart Attack
1234,58.0,1,0,125,300,0,0,136,0,2.9,2,2,3,No Heart Attack
1235,65.0,0,0,140,293,0,0,148,0,3.1,1,2,3,No Heart Attack
1236,67.0,1,0,125,304,0,0,189,1,1.0,2,3,2,No Heart Attack
1237,74.0,0,0,126,282,0,0,186,1,0.0,2,0,3,No Heart Attack
1238,48.0,1,2,160,269,0,1,176,1,0.8,1,1,3,No Heart Attack
1239,38.0,1,0,174,249,0,1,156,1,2.0,1,0,2,No Heart Attack
1240,40.0,1,0,145,212,0,0,173,0,0.1,1,2,1,No Heart Attack
1241,38.0,0,0,152,274,0,1,166,1,1.2,1,1,3,No Heart Attack
1242,38.0,1,0,132,184,0,0,88,1,1.4,1,1,1,No Heart Attack
1243,54.0,0,0,124,274,0,0,176,0,1.5,1,0,3,No Heart Attack
1244,56.0,0,0,134,409,0,0,161,1,1.6,1,2,3,No Heart Attack
1245,48.0,1,1,160,246,0,1,178,1,2.4,1,3,1,No Heart Attack
1246,50.0,0,1,192,283,0,0,190,0,2.1,2,1,3,No Heart Attack
1247,73.0,1,2,140,254,0,0,196,0,1.3,1,3,3,No Heart Attack
1248,50.0,0,0,140,298,0,1,158,1,1.1,1,3,3,No Heart Attack
1249,54.0,1,0,132,247,1,0,142,1,1.0,1,4,3,No Heart Attack
1250,29.0,1,0,138,294,1,1,165,0,1.9,1,3,2,No Heart Attack
1251,40.0,1,0,100,299,0,0,110,1,0.8,1,2,2,No Heart Attack
1252,50.0,0,3,160,273,0,0,170,0,0.4,2,0,2,No Heart Attack
1253,65.0,1,0,142,309,0,0,164,1,0.7,1,3,3,No Heart Attack
1254,29.0,0,0,128,259,0,0,167,1,2.4,1,2,3,No Heart Attack
1255,,1,0,144,200,0,0,184,1,2.9,1,0,3,No Heart Attack
1256,62.0,1,0,150,244,0,1,100,1,3.0,1,0,2,No Heart Attack
1257,38.0,1,3,120,231,0,1,187,1,2.9,1,0,3,No Heart Attack
1258,66.0,0,0,178,228,1,1,157,1,2.7,1,2,3,No Heart Attack
1259,52.0,0,0,112,230,0,1,171,0,2.1,2,1,2,No Heart Attack
1260,67.0,1,0,123,282,0,1,95,1,2.0,1,2,3,No Heart Attack
1261,76.0,0,0,108,269,0,1,178,1,1.8,1,2,2,No Heart Attack
1262,54.0,0,0,110,206,0,0,108,1,1.4,1,1,2,No Heart Attack
1263,66.0,1,0,112,212,0,0,132,1,1.3,2,1,2,No Heart Attack
1264,55.0,0,0,180,327,0,2,117,1,1.0,1,0,2,No Heart Attack
1265,49.0,1,2,118,149,0,0,176,0,1.8,2,3,2,No Heart Attack
1266,54.0,1,0,122,286,0,0,178,1,0.0,1,2,2,No Heart Attack
1267,49.0,1,0,130,283,1,0,714,1,1.5,0,0,3,No Heart Attack
1268,46.0,0,0,120,249,0,0,165,0,1.0,2,0,3,No Heart Attack
1269,54.0,1,3,134,234,0,1,146,0,2.6,1,2,2,No Heart Attack
1270,78.0,0,0,120,237,0,1,181,0,2.2,1,0,2,No Heart Attack
1271,58.0,1,0,100,234,0,1,165,0,0.7,2,1,3,No Heart Attack
1272,65.0,0,0,110,275,0,0,178,1,1.7,1,1,2,No Heart Attack
1273,57.0,1,0,125,212,0,1,79,0,1.0,2,2,3,No Heart Attack
1274,76.0,0,0,146,218,0,1,99,0,2.0,1,1,3,No Heart Attack
1275,57.0,0,1,124,261,0,1,176,0,1.1,2,0,3,No Heart Attack
1276,34.0,1,1,136,319,1,0,167,0,0.0,2,2,2,No Heart Attack
1277,53.0,1,0,138,166,0,0,188,1,0.7,1,1,2,No Heart Attack
1278,71.0,0,0,136,315,0,1,171,1,1.3,1,0,1,No Heart Attack
1279,61.0,1,0,128,204,1,1,156,1,2.1,1,0,0,No Heart Attack
1280,29.0,0,2,126,218,1,1,134,0,1.7,1,1,1,No Heart Attack
1281,40.0,1,0,152,223,0,1,90,0,1.8,2,0,3,No Heart Attack
1282,50.0,1,0,140,207,0,0,98,1,1.2,2,1,3,No Heart Attack
1283,66.0,0,0,140,311,0,1,191,1,1.3,1,2,3,No Heart Attack
1284,71.0,1,3,134,204,0,1,181,0,1.7,2,2,2,No Heart Attack
1285,34.0,0,1,154,232,0,0,117,0,0.9,2,1,2,No Heart Attack
1286,77.0,1,0,110,335,0,1,181,1,0.8,1,1,3,No Heart Attack
1287,34.0,1,0,128,205,0,2,98,1,1.3,1,1,3,No Heart Attack
1288,65.0,1,0,148,203,0,1,191,0,1.2,2,1,3,No Heart Attack
1289,37.0,0,0,114,318,0,2,177,0,1.9,0,3,1,No Heart Attack
1290,71.0,0,0,170,225,1,0,197,1,1.8,1,2,1,No Heart Attack
1291,29.0,0,2,152,212,0,0,150,0,2.1,1,0,3,No Heart Attack
1292,44.0,1,0,120,169,0,1,144,1,1.2,0,0,1,No Heart Attack
1293,48.0,1,0,140,187,0,0,188,1,4.0,2,2,3,No Heart Attack
1294,63.0,0,0,124,197,0,1,191,1,0.0,1,0,2,No Heart Attack
1295,59.0,1,0,164,176,1,0,176,0,3.2,1,2,1,No Heart Attack
1296,57.0,1,0,140,241,0,1,135,1,2.1,1,0,3,No Heart Attack
1297,45.0,0,3,110,264,0,1,132,0,1.3,1,0,3,No Heart Attack
1298,68.0,1,0,144,193,1,0,190,0,3.4,1,2,3,No Heart Attack
1299,76.0,0,0,130,131,0,1,115,1,1.1,1,1,3,No Heart Attack
1300,29.0,0,1,130,236,0,0,191,0,1.3,1,1,2,No Heart Attack
1301,43.0,1,2,128,216,0,0,189,0,2.8,2,0,0,Heart Attack
1302,29.0,1,0,138,234,0,0,176,0,3.9,2,0,2,Heart Attack
1303,45.0,1,2,130,203,0,0,200,0,2.1,2,0,2,Heart Attack
1304,76.0,1,0,120,283,0,0,171,0,1.4,1,0,2,Heart Attack
1305,37.0,0,2,130,283,0,1,200,0,2.1,1,3,3,Heart Attack
1306,68.0,0,2,108,193,0,1,187,0,1.5,1,0,2,Heart Attack
1307,48.0,1,2,135,301,0,0,178,0,0.0,2,0,2,Heart Attack
1308,78.0,1,1,134,263,0,1,186,0,1.2,2,1,2,Heart Attack
1309,36.0,0,0,122,273,0,0,136,0,2.4,2,0,2,Heart Attack
1310,29.0,0,0,115,162,0,0,119,0,0.4,2,0,2,Heart Attack
1311,61.0,1,3,118,173,0,0,161,0,2.1,2,0,2,Heart Attack
1312,73.0,0,0,128,178,0,0,190,0,1.4,2,1,2,Heart Attack
1313,61.0,0,2,110,164,1,0,118,0,1.5,2,1,2,Heart Attack
1314,38.0,1,1,108,173,0,1,181,0,3.5,2,0,3,Heart Attack
1315,74.0,1,3,118,311,0,0,119,0,3.2,1,0,1,Heart Attack
1316,38.0,0,1,135,126,0,1,167,0,1.4,1,0,1,Heart Attack
1317,73.0,1,2,140,172,1,0,120,0,2.1,2,0,2,Heart Attack
1318,45.0,1,0,138,172,0,1,100,0,0.8,2,0,2,Heart Attack
1319,41.0,0,2,100,179,0,1,98,1,2.1,1,0,2,Heart Attack
1320,47.0,0,1,130,173,0,0,197,0,1.4,1,0,2,Heart Attack
1321,57.0,1,1,120,211,0,1,167,0,2.1,2,0,2,Heart Attack
1322,77.0,0,0,124,271,0,1,181,0,1.5,2,0,2,Heart Attack
1323,33.0,1,1,163,126,0,0,155,0,1.4,1,0,3,Heart Attack
1324,31.0,0,2,94,326,0,1,187,1,2.1,2,1,3,Heart Attack
1325,,0,1,130,126,0,0,114,0,1.4,2,0,2,Heart Attack
1326,45.0,1,0,140,162,0,0,145,1,1.3,2,0,2,Heart Attack
1327,43.0,1,2,122,172,0,1,112,0,2.3,1,0,2,Heart Attack
1328,29.0,0,1,135,138,0,0,178,0,1.2,1,0,2,Heart Attack
1329,56.0,0,2,125,172,1,0,182,0,2.5,1,0,2,Heart Attack
1330,67.0,1,1,140,128,0,1,164,1,0.1,2,0,2,Heart Attack
1331,74.0,1,1,128,183,1,1,172,0,2.3,2,0,2,Heart Attack
1332,37.0,0,2,105,193,0,0,119,1,0.6,1,0,3,Heart Attack
1333,54.0,1,2,112,123,0,1,197,0,0.0,2,0,2,Heart Attack
1334,48.0,0,1,128,183,0,0,200,0,0.0,2,0,2,Heart Attack
1335,78.0,1,2,102,132,0,1,191,0,1.1,2,1,2,Heart Attack
1336,74.0,1,3,152,183,1,1,178,0,1.4,1,0,3,Heart Attack
1337,56.0,1,0,102,193,0,0,167,0,1.6,1,0,2,Heart Attack
1338,43.0,0,2,115,184,0,0,151,0,2.1,1,0,3,Heart Attack
1339,71.0,1,2,118,190,0,1,182,0,1.1,2,1,3,Heart Attack
1340,52.0,0,1,101,199,1,1,168,0,1.4,2,0,3,Heart Attack
1341,47.0,0,2,110,183,0,1,114,0,3.2,1,0,2,Heart Attack
1342,32.0,1,0,100,129,0,0,143,0,1.2,1,0,2,Heart Attack
1343,47.0,0,2,124,391,1,1,181,0,1.5,2,2,2,Heart Attack
1344,71.0,0,0,132,128,0,1,191,1,2.1,2,0,3,Heart Attack
1345,29.0,1,2,138,271,0,1,110,0,1.5,2,4,2,Heart Attack
1346,46.0,0,1,132,271,1,0,191,1,0.5,2,1,2,Heart Attack
1347,71.0,1,1,112,172,0,1,178,0,0.1,1,0,2,Heart Attack
1348,47.0,1,0,142,172,0,0,181,1,1.3,2,0,3,Heart Attack
1349,73.0,0,0,145,173,0,1,116,0,3.5,1,0,2,Heart Attack
1350,61.0,1,0,108,233,1,0,156,0,0.9,2,3,3,Heart Attack
1351,29.0,1,2,130,315,0,1,186,0,1.2,2,1,2,Heart Attack
1352,77.0,0,2,130,246,1,1,119,0,1.0,2,3,2,Heart Attack
1353,65.0,1,3,148,244,0,0,191,0,2.0,2,2,2,Heart Attack
1354,56.0,0,3,178,270,0,1,171,0,0.1,0,0,3,Heart Attack
1355,37.0,0,1,140,177,0,1,157,0,1.1,2,2,2,Heart Attack
1356,49.0,1,2,120,172,1,1,173,0,1.3,0,0,3,Heart Attack
1357,60.0,0,2,129,181,0,1,172,0,2.6,2,0,2,Heart Attack
1358,57.0,0,2,120,271,0,0,183,0,2.1,1,0,2,Heart Attack
1359,32.0,1,3,160,173,1,0,183,0,1.6,1,1,2,Heart Attack
1360,37.0,0,0,138,137,0,0,191,1,2.6,1,0,2,Heart Attack
1361,65.0,1,1,120,173,0,1,113,0,3.0,2,0,2,Heart Attack
1362,34.0,1,0,110,163,0,0,183,0,0.1,2,0,2,Heart Attack
1363,44.0,1,0,180,281,0,1,129,1,1.1,2,0,2,Heart Attack
1364,55.0,0,2,150,271,1,1,191,0,1.6,2,1,3,Heart Attack
1365,64.0,0,2,140,281,0,1,133,0,2.1,2,0,3,Heart Attack
1366,43.0,0,0,110,127,0,1,161,0,1.7,2,0,3,Heart Attack
1367,47.0,1,1,130,128,0,1,191,0,1.9,2,0,2,Heart Attack
1368,56.0,0,2,120,182,0,1,171,0,1.1,2,0,2,Heart Attack
1369,45.0,1,2,130,172,0,0,167,0,1.2,1,0,2,Heart Attack
1370,65.0,0,3,120,183,0,0,173,0,1.5,1,0,3,Heart Attack
1371,56.0,1,1,105,183,0,1,182,0,1.9,2,0,2,Heart Attack
1372,47.0,1,0,138,271,0,0,183,1,2.9,1,0,2,Heart Attack
1373,78.0,0,0,130,303,0,1,184,0,0.8,1,2,2,Heart Attack
1374,55.0,1,0,138,172,0,0,118,0,1.7,2,0,2,Heart Attack
1375,44.0,0,2,112,271,0,0,101,1,1.7,2,0,2,Heart Attack
1376,47.0,0,2,108,172,0,0,184,0,0.0,2,0,2,Heart Attack
1377,54.0,1,2,94,281,0,1,176,0,1.8,2,0,2,Heart Attack
1378,37.0,1,1,118,182,0,1,179,0,1.3,2,0,2,Heart Attack
1379,54.0,0,0,112,281,0,0,163,0,0.8,2,0,2,Heart Attack
1380,37.0,0,2,152,289,0,1,168,0,1.1,2,1,2,Heart Attack
1381,29.0,1,2,136,271,0,0,118,0,1.3,1,0,2,Heart Attack
1382,63.0,1,1,120,283,0,0,183,1,1.9,2,1,2,Heart Attack
1383,62.0,0,2,160,178,0,1,193,0,1.0,2,1,2,Heart Attack
1384,73.0,1,1,134,222,0,1,164,0,12.0,1,0,2,Heart Attack
1385,57.0,0,1,120,118,0,1,139,0,0.0,2,0,2,Heart Attack
1386,48.0,0,1,110,182,0,1,140,0,0.7,2,0,2,Heart Attack
1387,78.0,1,1,126,183,0,1,160,0,23.0,2,0,2,Heart Attack
1388,37.0,0,0,130,189,0,1,173,0,0.4,2,0,2,Heart Attack
1389,37.0,0,2,120,182,1,1,183,0,2.1,2,0,2,Heart Attack
1390,63.0,1,1,128,192,1,0,89,0,1.6,2,0,2,Heart Attack
1391,27.0,0,0,110,291,0,1,183,1,2.5,1,0,1,Heart Attack
1392,71.0,0,0,128,218,0,1,78,1,0.5,1,1,3,Heart Attack
1393,65.0,1,2,120,271,0,0,187,0,2.3,2,0,2,Heart Attack
1394,56.0,1,0,115,283,0,1,187,1,0.2,1,0,2,Heart Attack
1395,44.0,0,2,120,218,0,1,178,0,0.0,1,0,2,Heart Attack
1396,57.0,1,0,106,192,0,1,184,0,1.2,2,2,2,Heart Attack
1397,73.0,0,2,140,119,0,2,139,1,1.4,1,0,2,Heart Attack
1398,29.0,0,1,156,182,0,0,99,0,1.5,2,0,2,Heart Attack
1399,46.0,0,2,118,189,0,1,183,1,1.7,1,1,2,Heart Attack
1400,72.0,1,3,150,281,0,1,128,0,0.3,2,0,2,Heart Attack
1401,61.0,1,2,120,182,0,1,146,0,0.7,2,0,2,Heart Attack
1402,37.0,1,2,130,180,0,1,165,1,0.2,2,0,2,Heart Attack
1403,64.0,0,0,160,200,0,0,192,0,1.5,2,0,1,Heart Attack
1404,37.0,0,0,112,273,0,1,191,0,2.5,1,0,2,Heart Attack
1405,58.0,0,3,170,120,0,0,90,1,3.2,1,0,3,Heart Attack
1406,37.0,1,2,146,121,0,1,192,0,1.5,1,1,2,Heart Attack
1407,72.0,0,2,138,193,0,1,128,0,2.4,1,0,2,Heart Attack
1408,44.0,1,0,130,293,0,1,182,1,2.5,1,0,2,Heart Attack
1409,37.0,1,2,130,293,0,1,162,0,3.1,2,0,2,Heart Attack
1410,53.0,1,1,122,183,0,1,172,1,1.4,2,0,2,Heart Attack
1411,,0,1,125,395,0,1,122,0,1.6,1,4,3,Heart Attack
1412,46.0,0,1,130,183,0,0,127,0,0.3,2,0,3,Heart Attack
1413,62.0,0,1,120,240,0,1,162,1,2.4,0,0,2,Heart Attack
1414,29.0,1,1,132,342,0,1,138,0,2.4,2,0,2,Heart Attack
1415,43.0,1,1,120,157,0,1,163,1,0.2,2,0,2,Heart Attack
1416,37.0,0,2,138,175,0,1,199,0,1.5,2,4,2,Heart Attack
1417,37.0,1,2,138,175,0,1,192,1,0.0,2,4,2,Heart Attack
1418,47.0,0,0,160,286,0,0,130,1,2.5,1,3,2,No Heart Attack
1419,43.0,1,0,120,229,0,0,120,1,2.7,1,2,3,No Heart Attack
1420,38.0,0,0,140,268,0,0,190,0,3.6,0,2,2,No Heart Attack
1421,45.0,1,0,130,364,0,0,179,0,2.1,1,1,3,No Heart Attack
1422,48.0,1,0,140,273,1,1,188,1,0.5,0,0,3,No Heart Attack
1423,,0,2,130,183,1,1,183,1,3.2,1,1,1,No Heart Attack
1424,37.0,0,1,110,184,0,1,129,0,0.3,0,0,3,No Heart Attack
1425,45.0,1,1,120,29,0,0,173,0,3.6,1,0,2,No Heart Attack
1426,48.0,0,2,132,139,0,0,146,0,3.1,2,2,3,No Heart Attack
1427,48.0,1,0,130,146,0,0,128,1,1.5,1,2,3,No Heart Attack
1428,45.0,1,0,110,174,0,0,183,1,3.7,1,0,3,No Heart Attack
1429,68.0,1,0,117,164,1,1,127,1,3.1,2,2,3,No Heart Attack
1430,53.0,0,2,140,382,0,1,183,0,1.3,2,0,2,No Heart Attack
1431,58.0,1,0,120,284,0,0,114,1,2.1,1,0,3,No Heart Attack
1432,62.0,0,0,150,284,0,0,154,1,1.6,1,1,1,No Heart Attack
1433,43.0,0,0,132,353,0,1,129,1,0.0,1,1,3,No Heart Attack
1434,37.0,0,0,150,225,0,0,113,0,2.6,1,3,3,No Heart Attack
1435,67.0,1,0,130,330,0,0,138,0,2.7,2,0,2,No Heart Attack
1436,56.0,1,2,112,230,0,0,196,0,2.1,1,1,3,No Heart Attack
1437,54.0,0,0,150,383,0,0,133,0,1.6,1,0,3,No Heart Attack
1438,37.0,1,0,112,382,0,0,146,0,1.7,2,1,2,No Heart Attack
1439,54.0,1,0,130,172,0,1,148,1,2.1,2,1,3,No Heart Attack
1440,38.0,1,0,124,384,0,0,149,1,1.4,1,1,3,No Heart Attack
1441,39.0,0,2,140,245,0,1,137,0,1.8,1,1,3,No Heart Attack
1442,40.0,0,0,110,233,0,0,117,0,1.9,2,0,3,No Heart Attack
1443,30.0,0,0,130,183,0,1,129,1,1.2,1,0,3,No Heart Attack
1444,45.0,1,0,128,216,0,0,183,1,2.3,1,3,3,No Heart Attack
1445,67.0,1,0,120,201,0,1,114,0,1.5,1,1,3,No Heart Attack
1446,67.0,0,0,145,392,0,0,173,1,0.4,1,2,3,No Heart Attack
1447,59.0,0,2,140,183,0,0,184,0,2.0,1,0,2,No Heart Attack
1448,43.0,1,0,170,283,0,0,177,1,1.3,0,0,3,No Heart Attack
1449,67.0,1,2,150,173,0,1,135,0,1.4,1,0,2,No Heart Attack
1450,53.0,0,0,125,254,1,1,162,0,1.9,1,2,3,No Heart Attack
1451,62.0,1,0,120,267,0,1,116,1,1.5,1,2,3,No Heart Attack
1452,65.0,1,0,110,248,0,0,153,0,0.1,2,2,1,No Heart Attack
1453,44.0,1,0,110,197,0,0,189,0,1.5,2,1,2,No Heart Attack
1454,67.0,0,0,125,258,0,0,190,1,0.3,1,1,3,No Heart Attack
1455,47.0,0,0,150,172,0,0,200,1,1.9,2,0,3,No Heart Attack
1456,58.0,0,2,180,274,1,0,201,1,2.0,1,0,3,No Heart Attack
1457,59.0,1,0,160,183,0,0,127,0,1.2,0,3,3,No Heart Attack
1458,50.0,1,0,128,281,0,1,117,1,0.4,2,1,3,No Heart Attack
1459,60.0,0,0,110,382,0,0,89,1,1.5,1,1,3,No Heart Attack
1460,74.0,0,0,150,258,0,0,183,0,0.5,1,2,3,No Heart Attack
1461,37.0,0,2,120,188,0,1,156,0,1.0,1,3,3,No Heart Attack
1462,50.0,1,0,140,183,0,1,176,1,3.0,2,1,3,No Heart Attack
1463,56.0,0,2,128,229,0,0,139,0,3.5,1,1,3,No Heart Attack
1464,53.0,0,0,120,260,0,1,127,1,3.2,1,1,3,No Heart Attack
1465,54.0,1,0,118,182,0,1,134,0,1.2,1,0,3,No Heart Attack
1466,45.0,1,0,145,137,0,0,139,1,1.5,1,0,3,No Heart Attack
1467,56.0,1,0,125,183,1,0,132,1,1.9,1,1,2,No Heart Attack
1468,43.0,1,0,132,341,1,0,178,1,3.0,1,0,3,No Heart Attack
1469,29.0,0,2,130,263,0,1,183,0,1.8,1,1,3,No Heart Attack
1470,75.0,1,0,130,183,1,0,145,1,1.9,2,3,3,No Heart Attack
1471,39.0,0,0,135,128,0,0,163,0,2.1,1,1,3,No Heart Attack
1472,74.0,1,0,130,256,1,0,187,1,1.2,2,2,3,No Heart Attack
1473,59.0,0,0,150,407,0,1,138,0,1.9,1,3,3,No Heart Attack
1474,60.0,1,0,140,217,0,1,176,1,2.1,0,0,3,No Heart Attack
1475,54.0,1,3,138,283,1,0,138,0,1.0,1,1,2,No Heart Attack
1476,38.0,0,0,200,172,1,0,173,1,1.3,0,2,3,No Heart Attack
1477,75.0,0,0,110,172,0,1,139,1,0.7,1,1,3,No Heart Attack
1478,53.0,0,0,145,192,0,1,120,1,1.3,0,0,3,No Heart Attack
1479,38.0,1,1,120,129,0,0,110,0,1.5,1,1,3,No Heart Attack
1480,47.0,1,0,120,198,0,1,104,1,1.6,1,0,3,No Heart Attack
1481,40.0,1,3,170,288,0,0,146,0,1.1,1,0,3,No Heart Attack
1482,54.0,0,2,125,309,0,1,156,1,1.8,1,0,3,No Heart Attack
1483,38.0,0,2,108,243,0,1,183,0,1.3,2,0,2,No Heart Attack
1484,54.0,0,0,165,273,1,0,128,0,1.3,1,3,3,No Heart Attack
1485,33.0,1,0,160,172,0,0,193,1,0.8,1,1,3,No Heart Attack
1486,39.0,0,0,120,128,0,0,148,1,1.4,0,1,2,No Heart Attack
1487,32.0,1,0,130,283,0,0,168,0,0.0,1,3,2,No Heart Attack
1488,48.0,1,0,140,192,0,1,153,1,1.9,2,0,3,No Heart Attack
1489,65.0,0,0,125,190,0,0,189,0,2.0,2,2,3,No Heart Attack
1490,46.0,1,0,141,293,0,0,173,0,3.4,1,2,3,No Heart Attack
1491,38.0,1,0,126,304,0,0,137,1,1.1,2,3,2,No Heart Attack
1492,29.0,1,0,127,201,0,0,172,1,1.3,2,0,3,No Heart Attack
1493,59.0,0,2,159,278,0,1,178,1,1.9,1,1,3,No Heart Attack
1494,73.0,1,0,173,263,0,1,165,1,2.0,1,0,2,No Heart Attack
1495,29.0,1,0,146,288,0,0,138,0,1.2,1,2,1,No Heart Attack
1496,40.0,0,3,146,233,1,0,149,0,3.4,0,0,1,Heart Attack
1497,54.0,1,2,131,250,0,1,199,0,1.2,0,0,2,Heart Attack
1498,39.0,0,1,129,204,0,0,201,0,1.9,2,0,2,Heart Attack
1499,64.0,0,3,111,211,0,0,144,1,1.8,1,0,2,Heart Attack
1500,54.0,0,3,149,283,1,0,162,0,1.0,2,0,2,Heart Attack
1501,52.0,0,2,122,219,0,1,158,0,1.6,1,0,2,Heart Attack
1502,59.0,0,2,120,340,0,1,172,0,0.0,2,0,2,Heart Attack
1503,65.0,0,3,151,226,0,1,114,0,2.6,0,0,2,Heart Attack
1504,44.0,1,0,149,247,0,1,171,0,1.5,2,0,2,Heart Attack
1505,70.0,0,3,139,239,0,1,151,0,1.8,2,2,2,Heart Attack
1506,60.0,1,0,136,234,0,1,161,0,0.5,1,0,3,Heart Attack
1507,45.0,1,2,131,233,0,1,179,1,0.4,2,0,2,Heart Attack
1508,43.0,1,0,141,226,0,1,178,0,0.0,2,0,2,Heart Attack
1509,60.0,1,2,149,243,1,1,137,1,1.0,1,0,2,Heart Attack
